6352
8479
9313
8492
5447
2314
4654
3941
3910
8419
2436
6446
4763
8442
3517
2690
6006
9429
5176
3901
2076
6743
9206
7678
4503
7498
7058
6067
4907
792
890
7956
2822
2668
7781
549
8915
5102
5495
8149
4385
1826
813
5463
5763
1864
6088
9907
8223
6677
3579
9723
8118
902
7824
5815
3260
1375
9794
9501
4082
9924
9580
6908
9923
6805
9318
5641
7020
9365
856
3262
3237
9765
5932
7479
5307
5564
4029
9840
9030
1902
1278
2141
3990
8108
1136
7068
9725
3584
706
9238
442
9559
8873
3858
6336
8411
5470
9626
3983
1959
2103
3837
5244
1365
4976
506
6160
6699
8813
6818
4331
5312
9994
9722
5622
5590
7084
6664
9956
1481
881
1039
3482
8542
9156
3234
7785
2795
1992
9940
1602
278
4827
1773
4891
7545
8012
1518
5147
6034
4919
9198
3072
3498
1545
3046
5113
906
3598
5026
7953
1456
7150
9138
1013
211
7031
159
5720
835
8472
5522
1656
4721
3610
7505
1131
6444
8422
4293
7098
4447
1454
5625
8928
8239
5520
1731
1159
6676
6229
2630
1295
1770
8648
4866
8618
655
5478
1804
3986
9849
8396
8035
7265
3831
5099
1452
5403
1128
7165
893
9927
4187
480
7657
7979
9970
3798
846
606
3737
9808
1727
9104
173
574
4384
9445
9476
3149
6897
1215
204
6163
160
1753
9127
7546
383
4341
5211
4736
7096
5163
7437
6624
8929
9871
9708
7696
9660
2469
6738
1241
6825
5612
7487
3479
4061
4775
9172
249
2285
9099
8322
4295
2030
7221
8279
8936
108
6377
8378
4340
9410
3763
9334
8704
4169
3278
1813
9688
8160
6652
2022
4975
1373
9941
5573
7310
229
82
3033
8720
6591
6140
5319
9883
9557
2172
6375
8880
7446
381
8020
6693
5188
844
9758
841
2739
8280
7575
4259
2122
9289
3974
5710
7248
8066
7534
9253
2198
7384
6115
9337
7037
7716
2982
6970
9780
3904
5869
267
8521
3871
2793
7629
3416
6722
9489
4268
3025
3846
9205
5716
4441
4188
2283
5201
6191
8175
3559
1613
623
6491
6644
1982
8905
2066
5245
4178
2597
7872
738
9296
8681
8262
4928
2312
3210
2648
5925
7260
2643
5960
9528
9759
9517
8170
4806
1470
1760
2547
2379
7581
7721
3854
7097
5875
8699
7999
9169
9679
2649
5072
6142
2260
6118
6928
9255
7892
7531
276
7207
9817
4392
5194
6524
9186
8193
7198
8794
8473
8212
4525
8969
394
7993
5797
1818
4780
5550
8351
5816
6401
5043
1042
1750
7314
3707
6502
404
3093
7711
8599
3214
3349
2683
980
1934
8782
5793
5698
8761
5384
1579
4057
1232
1430
6372
5255
3091
5501
4497
3630
7772
8508
8469
3999
9556
4382
6899
7457
2748
3207
762
8295
4483
7330
3725
7885
4658
7779
3841
6791
6064
6950
7524
2816
8395
4974
4805
4969
97
5059
6977
5339
2971
9102
8030
9735
5804
1497
9554
9587
2742
6016
1236
9905
9426
3036
7900
3193
4322
3251
4488
2068
1652
333
3714
6653
8510
1250
2914
6472
3477
486
9243
1102
8398
6413
1307
3923
4475
9836
4549
9244
5907
934
116
6833
1512
1683
5408
5337
174
785
8165
1755
1828
1544
425
6812
4672
8431
8727
5525
2280
4574
5843
5155
4354
9458
349
5580
2510
7289
2299
3463
99
4612
9484
3266
2616
901
5459
7968
5189
3850
7723
6749
4270
8083
94
4744
6070
9385
8213
760
7312
2606
2167
4062
8523
1122
7235
2344
5823
6717
4204
6634
7584
5942
8296
6007
7213
2978
5918
1578
6445
7988
6465
4296
9921
9059
6328
8347
8288
4003
5542
6739
66
2324
6233
3769
1635
2303
8672
5914
9171
1401
3017
3356
8282
9193
3947
1895
9452
1709
589
4394
4226
4097
4903
147
779
550
8023
1678
4772
1412
1943
6376
2161
6424
3456
3071
4383
1719
3399
5742
4559
6412
8231
1028
5694
7823
889
5887
7471
4217
5700
658
1346
9342
171
3580
1817
8981
7762
4158
8839
2412
8512
9847
5983
9435
9622
5571
1416
7533
4741
5377
9314
840
8292
7210
3790
3161
6566
8772
3685
5354
8071
7760
8609
8480
4608
1498
8642
8853
750
4531
6497
8584
6590
7597
8926
3078
9415
7763
5786
6087
491
7837
2173
6357
8605
8339
7088
5304
5927
5302
391
9005
2571
2901
1668
5088
4655
5500
7514
7532
2725
9787
6594
8860
938
7140
9839
6261
9630
9503
9856
3796
3501
2367
7643
1388
5332
9041
2672
9236
8179
2849
8496
4274
9449
3739
9341
692
704
1133
4857
1188
5066
6576
1015
2808
8225
1178
1701
1343
6907
5755
8052
9820
8748
931
6106
9760
719
9036
185
9177
642
3125
7389
4303
1336
38
681
15
8585
6025
1155
2893
1237
1928
4848
4219
7267
5318
123
1615
186
2818
8182
221
3331
2286
1286
5778
7592
1785
2962
6935
3985
2056
5747
602
7767
6308
98
949
5505
157
4453
2846
6550
4638
2028
5435
5753
2261
6577
4966
6315
4740
1139
1363
7650
1908
7873
9602
2151
5866
2543
2252
3298
5327
8281
853
4693
4252
7378
9892
5260
1971
7607
9898
4452
6202
3087
9771
1936
4872
7290
9646
362
2866
4533
7697
3163
9719
6217
6259
7970
4990
7713
8078
739
481
9585
2311
2717
4712
3909
2863
388
5962
6984
9382
1805
6915
1228
5114
6157
406
7264
4528
2624
1304
869
6329
4363
190
2468
8156
4703
530
458
6475
5464
1987
9749
2069
7731
6999
3525
2095
7441
3200
7045
6776
4248
6026
6802
1207
4569
912
671
7635
6726
2843
3802
6720
9610
8009
8949
5214
175
3112
1164
306
7788
6228
1639
6793
1044
5205
3727
3057
2251
7387
8776
1193
8726
1827
9999
2885
4951
4745
8150
372
7322
5136
8790
3746
4781
9178
5908
8511
7884
7942
5738
7863
652
473
2430
5808
7710
3518
6983
485
3053
1720
6533
2123
3794
2768
9775
3470
9070
9698
8919
7688
2411
6974
7500
6399
8358
9890
4054
936
9903
5271
8509
79
2374
1109
6641
7687
7320
3170
2491
1075
6869
5870
6918
8868
9625
1819
2442
5479
1757
9800
9432
7485
7725
9061
9896
6105
7271
5955
3401
6824
9240
3939
6845
1348
6698
8284
3263
4457
532
4823
5406
1059
6832
1741
34
8637
2708
2779
3297
9344
5363
8082
4856
2775
3578
5682
3302
6670
9469
4733
4711
3722
3108
1547
7187
8307
1974
4032
8302
8125
9652
3173
8025
1605
3471
1014
8257
4409
5490
2964
687
2899
7466
4623
6925
1543
6622
1640
2640
3566
9985
8857
3597
1421
668
3960
4626
8884
9373
2307
7537
1856
1581
1004
4565
5320
7343
9333
1008
7651
9563
4435
4454
978
1682
2621
9395
8811
1077
4937
8844
7432
6954
3927
2884
5519
248
5345
2625
6452
5056
4838
8798
9784
9279
1007
17
8141
7695
426
3178
7613
2518
9167
1458
462
6757
8886
7962
4419
8858
4346
3317
2043
4609
1505
4414
3599
6548
222
5338
7136
291
932
3510
5075
990
8017
4439
7784
1714
5379
5792
3631
8658
4557
7351
6166
8249
9336
9845
2460
2300
5119
654
1740
258
3951
2293
2872
7778
6443
9841
4900
6080
6837
1690
1876
1472
1323
5636
12
937
113
1636
4236
2556
407
6787
1371
4691
8184
9003
6400
1127
1791
7670
5199
8376
4541
8177
6556
4215
4269
7331
1749
5361
3502
683
8240
4646
5589
4495
2229
6305
433
6484
2369
4922
732
6815
3624
3723
395
4647
6136
1916
2637
5563
9991
9651
2373
1917
323
4562
2473
2187
3021
665
8504
5079
4754
6338
4170
8786
6208
2126
1165
6518
6134
3090
7107
1434
9770
7313
9291
1612
8238
6887
1588
9843
788
780
8771
6144
5978
3473
2422
4043
451
346
3800
8534
9855
2531
6865
6167
547
1597
3521
9880
6392
4489
9017
315
9082
5236
3213
142
3652
3664
7115
8593
958
8706
6097
9374
1282
6874
9338
702
9739
428
8057
6306
1439
288
2790
1772
9103
8888
107
3313
3594
7367
192
4662
8069
5227
2400
6598
9592
5987
743
9277
759
9368
9343
5296
3029
8543
9664
461
2882
1853
3564
364
5258
1698
6235
465
8912
5521
6884
1260
3076
6000
5896
9210
3424
376
2764
7202
997
2342
1453
5741
469
5087
8271
9450
5562
3309
4556
8749
2674
2364
205
8555
452
1767
2159
6547
9945
796
3435
7274
9063
3766
5996
9308
2055
4030
1732
9320
5387
7598
1823
8166
613
5774
8457
4323
7218
6760
7095
9772
3925
305
414
3938
5469
7144
8087
3783
1202
795
4982
4923
29
2346
800
2385
4206
1172
1197
8287
9019
2160
8275
6135
8517
2830
2505
6237
2110
5565
1431
585
8698
3712
5515
533
3883
6295
3672
3291
3305
4653
9930
3289
957
5257
5489
3898
8461
4714
6464
8487
5077
3146
510
9510
6480
8551
2656
6600
6736
6781
6642
2545
2926
941
8191
5466
1689
566
6044
6986
2890
9371
6541
2101
1774
2921
7876
9436
7985
4957
4899
7814
1965
4807
4710
9988
3948
8946
3937
6967
2140
5957
5733
1067
4462
5789
5772
4629
223
1573
9586
5243
4511
8564
8437
4519
4103
6517
6404
4071
5358
3863
6010
4861
9861
5687
3250
7452
4229
1294
7701
2036
921
630
2024
9372
5719
4643
2828
4068
8787
6129
979
9497
858
8095
2953
9717
918
2632
4985
9570
85
9627
1748
6309
1574
2106
9311
7827
133
2973
489
2029
4306
7846
9007
3648
6091
1904
8620
7062
6921
8951
6696
3204
2514
3147
58
3228
9046
5427
2521
1342
6714
6065
1068
9151
3016
2833
7547
4308
8367
1700
2004
7481
7439
7447
3419
1316
1500
4300
2456
8554
8907
786
5904
4883
7647
4049
3660
1638
2486
3314
4994
7504
5004
5485
7862
545
1812
4223
8383
6647
1
5812
9122
8824
7553
5824
3280
1871
1692
4096
5751
1707
5757
4684
6199
3089
4357
4022
3439
2051
4257
2560
8001
467
1043
7959
3199
599
495
2444
21
3682
5432
307
548
4695
1737
1589
4759
2206
4732
6846
3332
8144
4972
838
7707
9398
5159
8323
971
6992
923
2813
7595
5635
7638
4100
4001
328
596
4073
8535
5167
8364
7490
1648
826
1531
6589
7284
5009
7520
2629
8663
3395
3554
9699
4459
983
625
7805
2929
4852
1645
398
5039
2423
1219
614
8869
6122
2636
8272
2730
5127
2906
9394
4958
1432
9472
2479
3221
1488
4953
3411
4472
5623
6813
9251
8627
3607
5766
9665
367
5076
3500
5935
3505
8041
4466
6418
2125
7958
7619
9632
4214
9475
75
8685
5330
7245
7554
2868
7720
1210
822
2548
647
2935
4961
2326
8691
5138
7655
3242
2181
6725
8208
964
4469
4572
3613
9514
4860
9768
8983
3158
4968
9124
2378
5771
2583
274
6723
8046
5650
1035
3362
4589
9747
9799
7994
5261
5285
2998
9864
1446
1021
1926
3350
6940
561
3418
2815
6829
1790
1377
662
9659
9928
8875
4396
940
457
3181
4425
9203
2241
1680
678
8162
8330
8485
2040
1833
9912
9874
6283
210
2542
2932
1299
2429
8006
4156
4661
2903
2511
6511
5920
3881
8578
39
5472
5913
8446
8948
3894
5975
7947
684
6320
6640
5070
3354
4980
437
3649
6263
2743
1722
3704
5748
5467
5818
7527
2071
9263
2295
9829
4222
3550
9853
37
4193
4172
7561
7693
8861
1893
7681
9676
1384
5569
4367
9957
8848
1764
8360
2687
7685
809
286
691
9052
5254
7163
4011
2454
2887
2304
8386
9638
6195
7206
3010
8276
7134
4264
4113
2224
5442
456
3519
6913
5805
8906
4227
5421
9275
591
7530
4449
1711
628
3092
3369
224
8911
8420
8950
5269
6409
5232
714
4895
6683
4389
8910
8199
3905
3915
9068
8094
1549
7802
9671
1572
3840
7306
3117
5780
6819
2006
3959
154
5609
7188
9465
269
2413
3376
9420
7945
8514
1891
558
2865
3472
9530
290
3553
4321
7345
5228
2463
7599
1977
3643
3745
9666
6631
1862
9233
9407
5833
9599
2178
7197
3135
892
13
5523
8464
7417
5697
8812
3730
7935
2574
9477
1053
8315
9680
6816
1762
5034
441
5879
9529
279
1393
6467
9778
4604
3122
1953
5378
8524
4925
4328
9583
6926
910
648
7870
60
6990
2831
7148
2128
6301
1945
8152
2645
7053
6822
1355
4513
7263
207
5250
7297
4770
2033
5095
189
7285
5055
8120
7686
2459
9521
3878
3110
1161
6062
6762
6555
3555
4102
6755
7352
4594
1179
3449
9788
8825
6367
3341
9805
7196
9012
8250
1880
7612
1252
1255
2034
9460
3049
1496
2891
2149
9387
6808
1222
5676
3360
3003
5660
5502
5033
9237
4739
988
8283
6686
7903
7694
1551
1489
2495
9670
2164
8447
1729
6489
7173
4145
638
9347
1607
2937
7791
8923
6853
9873
46
7928
459
1710
1097
4862
1768
7573
1312
5212
2617
385
218
6262
4209
5020
7082
4585
5578
2067
3142
9073
1610
4882
1788
1970
2988
350
4743
1099
6183
7075
5709
9393
2239
9548
4254
9851
3378
3810
1728
2804
9309
2770
1564
6024
6437
2461
9685
2566
5620
7605
6137
5396
3415
2829
6806
8528
3082
7010
1108
4793
8665
4820
7974
7894
868
6811
7429
2825
7712
4910
3011
2458
7579
1798
7042
5707
4738
5424
8221
6169
2958
1968
6866
8154
6245
6093
8410
4679
1923
9887
5122
4440
3232
8200
4515
8680
1253
9608
3121
7006
9060
9345
6770
4600
7867
875
3337
8607
2920
6138
9674
1887
8967
5297
7244
5492
9430
8362
725
8572
2216
3413
1267
8036
8371
9797
696
1483
3958
6247
3787
4734
5603
7758
5538
6828
4487
7374
876
3041
5246
3172
9911
2623
9600
5094
6349
8433
476
6783
6209
5645
5364
9929
4701
6896
9857
400
1106
3844
7086
4824
9691
1340
7749
677
5195
5970
645
8709
8056
7641
7300
5425
8415
3677
1751
608
8086
5392
4769
3950
7183
5750
8455
1364
9260
14
9422
7117
4028
9763
9035
880
8406
582
1513
6150
3466
5352
8934
2380
9317
3491
660
664
6817
8561
6495
2774
3565
2552
3903
7424
4067
4825
9142
2974
2464
9123
8965
7326
329
6740
6298
2504
7571
3333
8114
4558
5091
7920
3275
8718
7848
2440
2008
2665
5288
8763
8998
1461
3830
524
5322
8890
1205
6287
6505
4343
3212
6442
3042
9307
4280
3705
9075
9140
3230
2432
5679
1248
9942
3385
4480
6073
8932
6543
8895
9034
8632
5210
7790
3688
3236
5880
4812
2976
6433
8333
2706
9591
1779
5028
203
3679
8701
3639
265
9935
6487
9093
3002
5659
4815
6506
7125
4718
6794
8089
4153
2761
8258
5924
8403
3066
9381
2225
9601
2603
4997
588
9807
4548
2333
1726
4680
3285
7982
8050
6448
6554
4863
8285
5083
80
710
2325
7506
4893
4195
9961
1120
1221
3478
8412
3733
7317
1647
4727
5483
4851
4750
7495
9065
5916
3544
507
9848
9168
8960
3148
4208
2483
8312
7783
2792
737
4584
1976
6461
3115
9932
6240
2907
2470
2150
969
1268
2357
5760
2426
562
8458
5402
9714
8168
3931
5777
2669
8644
3037
2557
2227
6671
466
5488
9378
6212
5608
419
631
6583
9081
4742
9111
3468
4064
3064
2993
7152
4437
6429
9731
3642
1347
7625
3111
2995
8838
9533
2246
1387
6741
1807
8569
8164
1335
3966
8690
5579
1333
2918
2339
7665
5664
6014
7341
4446
9011
6965
4369
7393
8306
8724
83
9114
2782
7411
7799
4006
3464
9752
7054
5544
7980
2291
3030
9362
7008
1911
5196
5673
7555
1147
7270
1254
1863
4649
8856
7377
8005
1313
5123
1275
9161
289
6835
4460
5683
8595
2852
904
2732
600
1752
5185
7574
6706
560
6758
7259
5158
5889
1821
2838
1212
4036
9910
9329
2769
9908
7560
3697
723
8833
2847
9793
162
1063
3438
3286
972
3231
5890
8331
8004
4936
9466
8702
2045
100
5849
8805
9535
9509
2529
1449
9811
3547
8974
1591
7220
380
7672
9485
7656
5822
1062
6488
6892
3758
9173
4551
9636
293
9361
5722
4335
3271
3534
3577
1616
6536
833
6017
9496
2362
9305
9423
6477
5200
2773
7012
2014
5418
1834
2970
7185
2156
5251
5316
1935
618
5310
9613
4675
1875
6159
68
4897
2078
4109
4023
9968
9265
8995
9494
5678
5097
3693
7108
951
2404
3650
8385
1596
4167
1408
4984
1001
8021
515
7422
803
6196
1673
254
536
9230
5953
5042
6074
7596
2750
8321
6187
4644
2353
6718
6311
726
5473
8615
7448
9609
4938
859
5174
6684
8639
2218
496
2940
6712
4038
5728
5639
2684
4955
2854
1123
9146
7191
7425
3358
5280
5278
3098
8901
5744
4570
8488
8127
2279
4501
3431
3582
5584
1124
5848
7659
9569
1924
7562
5874
2085
5732
6937
53
3357
9483
5395
4401
9959
5380
4423
7048
7420
4864
832
5992
9703
1403
2798
5903
553
4427
149
4826
5917
1646
860
6153
86
6900
7195
8758
2245
130
3541
8113
1023
7046
5619
2081
8293
3068
7496
1258
4588
2840
5045
6194
8468
3050
1018
804
1763
8976
3458
6540
2196
9753
1829
4365
41
6214
4220
7217
8804
5607
110
8075
7272
773
294
8264
6293
1912
8181
2272
6030
1527
2807
782
6416
8058
6938
3409
1881
3997
9520
3492
897
4783
8693
4932
339
2720
2960
8784
8375
1508
9042
7742
8882
837
9693
6190
1618
2712
2340
1874
422
3219
9648
6359
9832
4709
5440
984
8417
5599
2387
252
7775
4197
9526
6704
6013
4858
3255
8863
4027
9953
1604
220
2485
5915
5909
1417
6859
2054
47
5936
7493
4542
3508
9495
3377
3807
4044
7240
1885
4686
2805
5809
432
670
7111
7933
3581
763
2498
3437
501
9199
5082
6901
4627
2919
5602
81
622
5867
5103
9810
1319
3561
1746
444
9821
8954
6729
7279
1869
2112
6702
4564
5788
9951
143
1090
5764
8525
7753
8159
3921
5628
4906
3657
3586
4002
3862
1187
4039
3423
542
95
2839
4939
6355
808
5906
7842
3410
9412
824
3295
3374
6227
7615
8738
9786
3567
1643
4573
578
2657
5950
44
132
7740
9825
9597
3890
1209
9227
2590
6700
2709
129
7116
6161
9835
7552
1339
3548
7254
4673
4010
1087
5111
2777
6050
3945
4344
5517
5460
9946
8065
8044
1973
270
716
3799
8327
2253
4353
8802
9730
1696
1766
7969
9863
7436
8338
6125
9331
8209
9822
7889
1081
9335
2894
3483
6269
2102
3379
9380
4055
6650
8816
3195
2248
3540
3421
4664
176
6149
8354
6303
2516
7124
8921
5910
4705
2323
3932
7677
7231
9550
8440
9614
128
848
6324
1069
6771
9897
7138
4713
7948
747
322
4281
5213
3183
6155
7513
2247
9016
6567
8236
9605
8653
8222
7946
2127
7777
9540
4159
8316
209
9312
898
943
5018
1986
7510
8084
4142
3141
1405
9259
4101
1522
2889
2666
8128
2660
1855
6766
5336
1487
3511
6330
8668
2598
5795
5643
4890
1777
3335
191
3734
649
666
6415
8099
4504
3259
6553
131
5458
9655
4602
2888
9824
5618
2023
4505
4802
4173
3675
1351
4818
9818
5518
3494
7773
9712
230
3914
2306
3027
4532
790
5946
8137
2812
2604
1739
3389
2726
1938
1620
8654
4458
4231
7339
87
1276
7247
9025
4948
1296
8736
5512
5736
7648
5670
9573
5129
9541
7752
6649
4177
9221
2494
2266
7565
3169
7642
9204
6648
4063
870
2945
5596
9885
7766
1950
9499
1208
3252
3711
1096
338
7243
5844
959
6124
1995
4715
4563
9293
1091
3886
3872
5146
2348
576
7230
8984
6003
1962
2633
5685
5583
5041
3538
1111
9134
7559
7983
8470
4960
2457
5934
5773
2913
4266
5248
9667
1218
7954
982
703
6769
8180
3998
6384
584
2363
831
5840
7394
8610
3277
8703
8427
9377
7333
7003
4203
3316
8299
7793
8747
1414
5923
4790
4319
2041
7237
1284
9355
6679
2148
4479
7085
3943
5029
3629
2842
2070
301
2120
3171
4620
3382
4253
7021
7549
8355
9118
7798
7252
2515
5768
8060
4819
2677
571
4345
6470
8583
1658
445
5802
1480
8424
8478
9190
370
1555
6177
639
9989
3694
7832
1459
9357
5145
736
145
5300
2217
7458
9234
1541
9984
2946
5574
9513
1676
4205
2613
5556
3977
7987
734
1247
8557
8829
7640
3751
4198
1537
1270
5540
2289
8497
689
8329
3433
605
2589
8999
1359
1424
5729
4408
6020
9321
6066
6368
202
1086
2996
3651
9657
5997
9502
3815
1093
7509
165
8971
2073
2236
7142
1713
6098
2977
4275
5017
2163
6656
7550
1888
7593
6801
180
6053
1608
9579
9504
3668
1538
7874
5727
8993
8237
8591
8537
9598
8304
2535
7714
1802
4789
1293
6751
6127
8759
2520
6151
1685
594
2467
9581
1220
2855
7281
7915
8136
2799
503
7019
8830
4725
8803
5534
5101
6993
5461
2707
8945
5613
5376
537
509
7309
33
627
8579
1631
2810
6346
2425
6891
3330
5509
2772
393
7286
2493
7526
4242
6021
7632
7438
6440
9176
9076
516
6273
8874
7353
4571
6284
1079
8493
650
9710
9051
7522
390
7608
3587
1664
8581
9976
7628
4260
6893
1958
7120
9995
2490
7071
7079
4926
1947
2419
6107
7879
9013
3154
8753
8836
3130
182
213
8732
5861
9442
7093
8634
6458
9990
2967
5735
5922
688
6826
454
3480
6178
2046
2359
6626
5030
8265
3128
1146
3946
7224
3513
6873
2767
8800
2197
1455
575
1651
3606
8007
4652
3254
4970
1539
534
285
77
5701
5527
5484
1034
7843
9153
1800
1026
5139
5073
8679
9604
5165
9462
7342
1177
8207
4092
3453
4752
7594
7364
3843
2631
5046
8091
2211
5209
8305
177
7586
8855
864
2096
6102
3475
2448
1427
3614
8122
7895
7919
6056
1061
3104
1694
2800
1444
6109
8846
9235
653
7460
1506
9838
1396
4523
6745
7808
4380
2954
1787
1919
2169
3980
3826
9143
6072
2474
2705
8743
4147
9491
9100
9274
8405
9882
6258
9977
4791
3638
9947
8925
5964
4273
1659
3691
3343
3537
8963
1582
2595
8434
601
3726
5604
9110
63
1593
8713
6840
6
8900
9166
816
3039
5779
3452
7443
8342
7261
9481
8764
2692
8562
690
8842
3351
5627
1140
5803
9952
4398
4020
8402
2063
8246
7705
7323
1344
8692
7503
1835
1528
9351
170
3258
6322
5252
7164
2358
3957
5991
9182
5266
7038
1716
4429
1909
1447
3516
3113
9175
9595
9165
57
1979
4467
8204
2060
5888
4017
1674
7435
819
6780
1994
3007
2992
8093
8903
5782
4430
3442
7795
3469
8308
6687
3684
5400
5594
6156
341
4210
5241
8011
3188
2231
8979
6767
4663
5894
7418
7476
5551
4650
5989
8711
1837
9414
4406
5153
6980
5450
8049
4482
2191
3484
2555
1194
7757
6200
7932
6396
3686
5373
2561
9837
1847
7600
8054
8694
9584
2752
2994
4834
9950
9389
418
7419
5699
2108
3067
4599
9643
7398
9512
7395
7557
8649
7288
2711
6951
1523
6463
2232
2446
9223
3849
2203
4436
680
5413
7081
2989
8019
2575
7162
5545
5275
1733
6968
6380
6094
5657
7344
7167
1811
2117
4151
2634
9356
9358
1107
1121
4983
9972
8916
7444
3765
3988
973
8933
6852
9955
843
2904
4760
3764
7661
8567
9830
3507
5686
1854
7296
5895
559
135
7789
7305
1623
7660
4149
2875
3644
9419
2341
4088
8540
2395
6008
5675
4979
9149
9616
2757
6325
8400
2635
3334
7949
8918
9352
5314
2082
3851
3695
4587
2016
896
197
2453
7056
8660
4678
2563
4719
9975
5298
4163
7226
8628
2370
7986
3736
2578
9339
6364
8723
5856
6975
5084
538
7926
3852
6663
1223
3311
5166
2699
2864
7866
7943
325
3015
5264
7295
6777
3556
2185
3361
784
5116
8491
5002
4688
774
2581
9310
4611
4009
3436
7386
6493
5835
4095
1907
6033
1265
9256
6564
8810
946
6351
403
168
5759
1984
5383
9135
9281
6468
1113
6795
4476
1224
7472
3520
9628
5654
4707
1442
4491
5388
2763
2199
6724
5471
7515
5096
7967
5156
4877
8345
1724
6856
5988
7304
1145
9090
6479
6516
4164
9239
3283
663
5982
5001
2990
103
3864
6562
4651
7972
2057
6773
5106
3717
2745
4498
2751
8081
439
968
9846
6297
748
9109
2084
9534
1514
3208
9160
8211
9812
2391
3626
30
8230
4868
8074
1426
2972
4265
7921
1843
4648
8792
2567
5100
9777
7822
8418
3222
5558
337
4722
3081
7475
4221
9755
6323
9214
2001
5827
8847
1315
9185
7646
412
5010
6584
409
2760
5074
7403
3325
9181
72
4183
4373
3294
682
2869
9411
9421
2009
3961
3276
6592
8379
4977
7683
9868
1966
460
1048
3303
4816
3256
3718
2107
5496
1230
8594
5362
3371
3253
4135
5813
2704
7002
6197
1397
5554
382
952
2700
799
6934
4753
167
8851
2315
1314
70
2797
8008
4694
1723
3893
814
6609
6927
1569
2179
8917
4201
1941
2336
9963
5036
7169
397
6672
7589
9619
1437
6032
4334
2327
1940
5148
320
3355
3984
6390
924
2654
1641
9508
6307
2694
6542
758
6528
2806
6223
845
3756
8563
9767
7396
8635
3240
5309
7463
634
4126
8671
4508
4889
8722
3515
707
1199
9891
3838
5105
2984
7912
8571
401
2394
411
8462
9567
9461
2118
2936
1949
6947
3514
7087
1542
2681
3828
7052
7923
6646
6882
5494
8682
7102
9588
4456
4179
8232
5128
5640
7960
5481
6971
2264
2689
2844
9697
5976
5342
2347
3287
9506
260
4374
6268
3426
3608
3326
4634
7674
3014
7488
8112
3151
4749
8382
7939
6666
2876
3387
651
8870
4015
4946
1485
1990
9264
4771
4621
4829
4438
872
2608
8269
1049
6230
5343
7233
2873
6996
6531
8000
8977
9101
1873
1415
5331
827
2465
6423
2158
9624
200
1089
499
5966
9247
9736
1568
8414
3476
5626
6831
1517
3345
2397
6419
2193
2044
2858
1736
3145
1418
8568
251
6995
2388
4690
5011
7382
3823
791
4216
6348
6949
6173
4432
6957
2985
1033
6049
9527
6636
104
2360
5749
8927
3138
2874
4841
6132
2433
1211
9399
5124
3094
5965
6238
5452
5315
7765
1160
1735
5397
9781
700
8778
9384
8659
8063
236
1471
8773
26
7456
6192
4271
7888
966
3993
2466
483
1929
8712
9795
7179
9834
2738
8228
377
6279
7568
8673
8817
8957
7461
4702
794
6844
6838
925
8043
7349
7719
1310
3676
7410
5947
632
7540
2614
4618
4645
2740
7564
4180
5592
1073
3720
7477
4870
9141
2386
4517
4944
6610
8429
9018
3398
3211
8381
9561
4681
6184
9454
9113
1677
5928
5876
2268
7700
8117
3134
5023
7818
9983
2424
5445
6430
6164
7780
3216
7392
1435
2257
5141
6381
32
9467
7494
9015
2275
8544
8450
148
620
1925
1896
6077
4881
9459
484
7830
6841
1566
7658
5140
522
8606
2641
5207
1655
5941
2785
2050
9606
6798
5022
2058
8756
7853
9074
5576
181
7671
1229
1557
4091
2114
8633
2396
8143
3777
3562
5669
6778
4578
6912
1201
5305
10000
4330
8197
4352
115
161
4666
4473
1560
8242
4656
1095
7380
4317
4313
2593
9456
3687
916
7155
6638
3031
6784
6317
4697
8206
2698
9872
7611
4735
1601
9229
353
1913
4873
8324
5945
5559
1758
5963
4550
2715
7013
2942
6763
9617
9154
6963
2678
5061
8689
3174
871
3954
1041
7299
443
6082
4332
6623
8686
3600
9375
2136
2879
4200
1292
3430
3678
1144
7838
9268
8989
9009
1510
8716
5279
6171
1927
6042
4189
8587
5407
9493
413
5930
8425
9037
9386
2522
8273
7803
7397
544
4025
2786
8547
6774
3721
5725
5998
2223
9867
3835
7952
1052
1532
597
6526
514
1389
5031
6568
1822
3175
6438
8576
2600
6521
9216
7381
3759
9939
5054
2065
5713
5229
5825
6353
3531
352
2121
2686
6410
4799
633
7168
3301
3822
1045
3166
8421
1686
9492
2647
7907
1327
2980
8278
3194
8311
1784
2481
2361
6239
296
5019
6421
6972
9039
7005
1317
6883
3754
347
1630
2609
847
6966
5811
6639
728
1325
5263
9876
9213
4520
8090
3065
7542
2222
3164
3655
5977
1257
2113
2301
2688
9250
178
3392
1954
3366
3344
5705
587
3964
1756
5693
9083
9315
1866
945
4391
3690
3761
3979
6680
4154
3622
8750
5052
319
2005
7451
3781
6331
5692
1203
3052
9359
6408
7258
4636
8119
2356
3902
247
5846
1287
3833
1525
8301
1611
2579
361
8650
9706
1167
3159
9218
3105
4019
6630
8130
8245
7617
5539
8131
8064
1552
6277
8263
9721
2269
1168
5552
1918
5784
2783
4358
5761
298
5543
5204
5
7835
3393
9844
2867
4676
359
6058
5449
9525
492
7875
1463
3568
5665
1088
8655
8996
5854
8597
6886
4329
4000
7868
4098
5008
4283
4090
9188
8068
3168
2787
5436
7077
3008
5841
19
1486
5191
5837
7706
1320
6455
9620
8217
4581
7043
810
7690
4362
6618
8192
4288
89
7251
5329
4867
7099
6858
9424
3528
7178
7551
6565
8256
4471
5444
1066
3109
9474
5743
5410
4737
1985
6439
4965
9069
1083
5366
2533
8317
9080
4671
8451
2330
463
4012
1025
4185
7298
541
7523
8368
2143
797
5372
7153
6754
1341
7622
8459
2841
3114
7735
2351
6782
6978
8626
8254
4161
2680
1277
9366
7529
5860
416
761
6037
8140
114
7238
7291
7511
5062
9743
5938
8027
5684
8769
8503
9215
581
3735
3670
9328
2536
7292
909
5723
8103
9690
3448
8441
5437
6857
1309
643
1400
2098
9079
1576
1129
6709
3860
4530
1906
526
6875
2250
8201
2221
5238
9773
1546
9322
5356
4800
1815
1474
2484
268
7734
3542
9354
4213
1519
8879
1956
555
4836
5081
5508
764
8438
9827
8393
3757
3198
2477
2530
1930
4850
3809
474
2870
6604
882
1243
6961
815
5226
6403
2059
405
1360
6222
8153
5132
5587
659
7269
8038
9117
5273
801
7151
1195
5842
9066
6294
9639
4415
6441
6668
8126
5178
453
7055
3100
7787
2685
5712
7228
5656
1350
7406
3375
6764
3403
989
1104
5203
5230
5063
9724
5137
4262
436
69
6559
5206
6251
3918
3153
2384
7072
5633
5858
4421
3617
5582
9043
246
2507
7166
4412
5881
2192
6958
1280
3976
417
354
7469
1606
2676
2435
6100
9729
7100
4908
234
6902
6620
7922
7774
3359
8696
155
4478
334
5152
52
4971
4797
3994
521
3023
5234
1338
5516
1302
8486
6544
7027
7121
7796
7771
5262
6678
5480
3054
2171
3978
4327
7473
8577
6614
2037
9629
3913
2853
4160
4279
4093
7507
255
9566
3731
9987
8731
9672
7570
6571
8391
5850
8073
2789
8346
7899
3006
3546
1261
1670
6428
7009
4059
7733
5093
3322
1580
366
2924
1799
6146
8454
7083
2233
6004
261
5717
9209
5446
4150
7074
6713
5420
729
8032
1460
615
7906
9901
4121
4240
7984
778
9754
3911
9145
5133
5979
5197
2851
8835
1669
2274
2834
3865
857
1082
2416
6207
1262
8062
3196
878
4405
8721
865
8413
8513
3229
9519
9078
5994
6175
4250
2615
5524
8519
7106
4575
976
4967
2734
1213
3132
1691
3875
6485
2398
2814
789
4048
9854
5535
5348
7624
7673
4333
6916
8770
1830
6560
8762
9416
7025
9269
4133
3576
5790
1080
5644
9653
8841
8341
9451
7881
2002
7335
5344
7682
7633
1901
2263
4855
137
7321
2539
9576
6864
8688
5411
8350
3489
3784
9862
8475
9870
1283
7338
3557
7976
3955
7812
9487
6924
7105
3572
7255
7667
1477
1921
1271
8589
3627
783
3930
8198
1030
2741
434
7454
1337
1860
5013
6378
4927
7041
3224
1406
4677
552
1206
1051
7094
2886
942
9919
6746
7219
8643
8029
5154
8361
1214
740
1308
3848
477
5474
2452
7061
3293
3922
1379
611
7414
6673
6539
3692
8645
697
4397
9150
6569
2089
3116
5926
8815
5704
1285
2186
1171
4912
4037
887
4258
6814
2762
6744
4132
9092
198
5863
2087
3187
9748
8151
2418
3432
1524
384
9677
2523
2558
7059
7680
9524
4537
9053
5892
5572
7174
9618
2408
5448
885
745
5272
6742
7913
2596
5220
4218
3034
4286
8866
235
2138
2601
3102
4402
8746
9303
8298
1502
7160
2130
1318
9996
9301
6613
4349
7211
3407
3485
3061
51
8266
1738
6027
4813
8024
1345
7904
2791
309
5130
6635
7346
9774
8586
9523
9713
4235
7538
6215
2570
2100
8774
3738
1533
8506
4141
8039
2826
8539
1084
4347
7147
9231
4512
5170
9276
2917
1561
4909
3749
6759
6964
834
2803
6040
8294
48
7916
9022
4445
5430
2966
891
5371
6147
6299
1465
3585
9645
5958
1420
8241
5169
7521
6386
6525
1024
4580
7951
5398
2401
1769
5561
9163
9033
1825
5702
9704
4119
7898
8987
3189
4370
4485
9850
497
6561
3640
7122
9831
146
4428
9986
4233
9711
6186
3272
1269
6481
2883
6435
7131
7089
4879
8133
2376
6226
9575
2544
2472
6494
2375
2447
7691
8695
3096
2094
4134
1156
9031
2671
7222
8218
3126
5642
1279
5428
7225
8972
2207
8161
1361
8494
9756
3488
482
7194
1476
9132
7050
3319
8541
7421
184
6508
300
3773
3861
4597
3467
365
5836
1154
3265
2420
6665
7277
6675
9644
6182
3673
8259
5933
3024
3406
7283
637
5190
771
8394
7301
5530
7365
4869
3001
5708
4166
7518
6211
721
9971
5109
8040
7497
7303
9379
302
1429
8178
900
7016
4885
3944
7996
6530
926
8797
9180
8664
1653
188
7302
2528
6849
8374
6029
8448
2175
1484
8623
5326
4007
8310
6570
3060
9040
9931
8988
238
8892
656
798
6955
6994
1141
7190
9297
2997
8931
8106
4973
8552
7990
2052
7026
911
9089
8270
3013
967
7676
3747
6839
4641
3197
9537
593
4052
5353
3703
4592
6383
6922
5291
1991
1867
253
2389
3897
2035
3441
196
8148
8416
6789
7944
1695
7184
2728
4943
9433
4586
8194
1281
2663
199
7750
3400
431
7347
9978
6417
9594
6809
4
6558
6579
6747
6660
5235
539
355
9201
1227
5541
7699
6703
5629
4941
3574
1495
415
9661
6632
5369
6358
4111
4477
1036
4146
6312
6248
2139
9086
379
5233
4318
4837
3825
1515
2737
6895
708
3191
3834
7388
8110
1627
6427
7807
2639
7337
9943
2451
6862
3879
3150
1599
9964
7800
2090
999
9974
6108
1886
7467
4162
9179
3667
9701
8404
3203
3674
7917
6605
8662
6343
5882
1587
6909
1679
9248
2317
9700
1150
3461
2713
2450
2377
4066
5776
5929
6880
5247
2189
807
9792
4945
4372
478
8076
272
1603
6285
6499
4364
5015
3447
8744
2835
7886
5662
4669
2372
6870
4311
8647
1473
6290
2366
9228
9212
1849
3545
4934
1626
505
2580
4294
6286
3506
8885
6969
8601
8550
7491
5417
863
348
8121
6854
9603
7236
746
237
517
9217
6388
9993
3348
4272
3928
4821
9522
7175
5032
8891
8924
3588
6236
6334
7135
1872
7698
9761
9471
9282
920
5796
4659
8556
2820
8028
9842
59
9663
7995
3118
1899
9922
3215
705
7839
2551
410
8952
3868
6597
5426
3338
4803
1233
2710
6015
1993
1583
2111
7011
5567
1703
7669
5646
9895
1715
6973
1988
5974
7145
7519
5814
2019
435
6043
5800
720
4942
215
4481
8970
8612
7890
3140
554
8303
9404
4244
1859
4324
6515
4484
9826
2908
8096
8233
7603
6095
240
2881
1836
5351
5655
718
49
9881
8831
5828
5144
1878
9147
5005
519
8145
4583
5215
6574
9397
64
2025
675
8742
1858
6519
118
8902
825
2064
9443
573
6879
396
7910
8490
9257
7355
1562
6987
5497
3136
20
1734
1407
5506
2697
9981
4538
8335
4312
6953
7810
7508
6181
9027
9197
4076
6586
9809
1730
54
8098
8582
823
2202
2724
4309
9006
8034
7223
9869
8336
9038
3083
7171
50
7544
1132
4122
3782
493
6256
954
5068
2492
3940
6737
6254
5653
4625
9438
9637
2144
9796
2599
5819
5360
3000
3760
2667
4724
4784
5299
1126
1017
3308
8760
1356
1939
5382
2922
3155
9633
5482
8370
1644
5799
3991
1115
9779
8779
2427
6593
7104
7361
3623
1381
7047
8101
2952
2939
567
7459
5060
6154
7804
6682
1428
3328
4089
8313
4008
472
3804
5730
9707
2592
730
226
5040
962
5985
56
2979
9531
1961
7033
6451
4381
7294
6473
3450
2012
7755
8683
6478
674
7340
1334
7253
2524
2753
7400
3729
6221
4115
5529
194
1354
7428
7566
9738
2003
3058
1040
257
6086
5718
28
6748
2331
5630
5499
9207
73
5267
7816
4004
4299
4875
961
4704
9085
8887
7000
3402
4251
1076
266
387
657
1870
6083
2955
6503
8843
6288
6719
9564
7675
6575
5313
3353
7817
3380
1105
4502
2735
3144
8134
6267
4534
7764
4125
8899
2749
9965
6113
139
556
1457
1794
4320
3916
9615
2999
3876
4996
3451
1395
9224
6483
3026
5820
5648
8531
8602
9026
4667
7708
3778
6643
7276
3791
4031
4267
4315
5431
8015
9647
9050
8116
2856
342
7478
7931
1242
4516
6152
5289
6707
2850
5350
4174
899
2281
2441
2109
8678
9642
4417
752
195
9558
776
2554
8725
8741
2088
4249
9448
9511
1642
6394
2821
8611
6250
3795
9542
9589
3836
8822
7709
9105
1897
3569
8752
8022
6471
4108
903
332
9478
9727
3857
7385
7865
3719
187
4461
919
7971
7241
6232
635
6768
1184
7977
1948
9447
6462
947
2405
7076
9783
6585
7434
5276
1256
4316
5832
6976
2987
330
2259
7727
7412
8314
3536
5051
3895
2038
4339
5905
7826
8055
440
7973
7841
2944
7402
7620
7278
6522
8592
8677
4138
5110
4665
9500
2776
1200
6697
1975
4758
6172
731
629
1231
8216
6998
7610
9782
4129
5231
9865
8423
6126
7918
9184
7833
7067
1170
3306
9376
3523
5375
1501
3364
1861
2310
4554
6732
6557
7029
9815
3967
3179
1567
4422
4801
1951
7189
8399
502
686
7492
1584
5389
564
8111
6960
3270
2402
263
4084
6486
4360
5125
2871
8226
8474
4787
2801
4804
2747
8955
1422
6310
2077
358
9689
122
1530
8755
4729
6425
2277
6061
5475
6139
7350
6201
9353
8369
985
2273
7936
1820
7927
4952
3975
4388
4981
3866
2176
9087
8559
2723
4950
3268
2540
1166
1192
475
7470
4410
8247
78
1125
7634
6203
8837
5688
6651
4325
7014
4582
4496
2168
9757
9538
201
1055
1362
2079
5577
125
4615
6054
8334
6715
1628
2722
8445
4041
4904
6730
8986
939
7587
6339
7209
9937
854
5606
8961
5765
8795
1289
4005
7311
2910
4607
3296
6366
7786
2756
9406
1672
6790
7736
5149
3412
6104
3709
4896
7741
7275
7022
1469
7359
8343
6231
8641
3143
1782
527
1838
3133
3273
8389
9549
6447
5218
7748
9112
4284
8674
3971
1665
1534
1245
586
1266
8548
311
640
3304
356
2017
9288
7517
5265
7415
4212
3055
8453
3701
6205
5208
5680
1839
494
3388
7809
1850
8881
6257
2313
101
4255
2497
120
6176
1110
3040
8167
7649
9413
5581
765
1441
4859
179
6629
5621
4894
8388
8616
9327
1358
3855
3637
2177
4682
8187
8248
977
464
2532
5065
9464
3768
1535
363
1173
3771
4371
7193
3499
3936
3829
3785
5893
6281
698
5293
2948
3241
7702
7328
5080
4978
2349
3906
5281
9709
9330
6089
9370
7961
3085
8780
511
2165
1468
1969
9875
8045
8260
5465
2337
3527
6595
4099
7450
1609
1306
9801
2345
6028
8714
8172
1204
9096
8290
1981
7576
7357
6387
3817
4387
6952
2658
7383
2969
3710
1479
7590
9340
1511
6292
6917
2039
7653
6889
6603
7941
3218
6210
722
4413
8827
8067
386
8574
5931
6005
6382
3870
580
2896
9954
2607
3481
1577
4853
7066
5390
2802
8908
4954
1162
2499
5037
5734
9536
5429
9098
3853
9913
3509
1490
7754
6337
7606
5386
2947
4924
9348
9220
2781
4640
4277
4035
9673
2487
8202
5865
8467
2824
595
3612
9658
5972
7256
5754
5217
5785
277
6765
4375
6180
7170
3257
112
5117
6206
1330
5547
5721
2721
9417
8630
351
1937
8669
3408
7159
9852
4393
701
6347
9392
3880
4774
5549
7032
4078
1176
4622
2927
6981
447
1492
991
8894
5986
2588
5711
8092
373
8801
2048
4080
8766
7192
4751
4779
7366
9300
4181
2541
4136
3384
5003
1499
6340
7627
3560
3563
7541
8352
7825
7154
3264
8781
5652
5971
9966
9789
5526
6453
9668
262
9969
5164
8675
6038
5637
3683
8573
6843
6414
8566
4598
3209
5511
1824
3032
3101
8409
4243
3818
3827
1413
1743
5731
1130
158
2837
2320
7989
7991
275
1196
2488
2249
2298
7348
1920
4606
4302
6296
1238
1019
6545
4110
8751
8026
6991
7978
2075
9914
5439
8613
2845
5414
4018
7157
9044
5021
7440
7535
6112
4395
5027
5787
9306
8522
1650
551
6804
3805
4379
2519
3801
512
6450
4987
7776
3543
6625
7182
1010
5115
4137
6341
673
430
3609
1440
4809
6836
6662
6023
3647
4849
5468
9762
256
7831
4433
7893
9552
8318
6878
9470
4451
8210
7639
2857
5853
9400
4595
6903
6055
8526
343
6628
9740
7073
2319
8757
1933
4282
6797
5614
2053
1520
4898
2526
7855
8808
2434
3615
9926
9021
3315
6596
6689
3086
1915
7645
7744
2696
1445
7901
6350
5566
241
1877
1349
1671
9391
7930
6851
1065
6775
6627
6932
4929
9049
5617
3220
2827
4577
8529
3532
4058
770
5367
71
8997
735
1795
1328
9925
2771
8775
172
1027
3824
6313
16
5696
1378
6962
905
5126
5225
852
1967
5944
7891
2525
9634
106
3953
232
4152
955
9640
2679
7692
9144
4047
6606
9029
9164
40
7911
7426
6690
5090
216
7480
7427
1135
1085
6264
3405
6436
4902
4106
169
8719
929
299
6552
3602
8818
7878
6573
4292
7569
7572
6069
1078
9544
9751
4104
6234
8734
1797
6881
7902
2744
3658
5180
8286
8353
7563
7588
8261
8147
518
1056
1392
9346
8826
5120
9128
1559
6060
9498
402
8357
6523
3427
6936
3776
6304
8018
5898
4839
5631
4794
2184
6701
6827
1029
9468
6510
490
335
5135
450
321
2162
6225
1425
369
5601
9814
4336
3454
4689
7372
5334
839
5649
5498
1705
5177
9992
5274
6867
5703
2923
7324
7864
7630
2766
4536
5112
2898
992
617
2659
2765
3770
4085
8867
8326
3443
2174
5186
1708
4301
18
3819
7829
1074
8728
5193
7539
1960
6179
4245
2695
5335
5981
1353
7180
9641
2438
5873
4935
9008
733
140
3487
2489
5451
7751
6752
5184
6788
4831
3656
1114
2205
4390
1175
4566
5821
8898
7034
9819
6145
5476
3044
6551
8914
6041
4190
9194
3184
3022
4079
5381
9734
2501
7668
3048
879
8132
8768
8452
5085
9568
7023
3689
2147
9369
233
6520
1011
2703
7070
7465
4431
2811
4601
6691
953
7614
2368
2431
5783
6821
5453
2276
8992
873
5221
5454
7158
6685
9325
6059
3474
6923
2195
117
4874
676
3529
9010
5317
607
5374
1234
5798
4717
6282
7556
2585
1092
6117
1553
1955
2784
1321
7729
5883
963
7836
3414
1810
8608
9546
874
6920
4298
4808
7730
4920
6602
471
5365
1322
2244
2951
7399
3856
2755
5726
577
7631
8214
7854
6075
9157
9979
9681
8449
2729
9048
1571
5995
4619
3619
8990
4524
2610
9225
6198
7040
995
3965
6529
9920
7929
928
9299
8789
6407
9316
2254
565
4033
8203
1163
1290
6514
9858
8229
2573
981
713
8291
2895
1565
7966
4842
136
3035
2670
7118
7423
4579
2727
9669
1186
1032
8754
1180
2305
4207
6045
6933
8482
3244
23
5290
3628
8109
5691
6667
7455
5311
7937
867
4305
4674
4914
7869
5333
7109
6260
166
7887
5937
592
5598
7525
802
4256
9893
7724
609
6842
1274
5287
4526
8666
5706
7408
2836
1775
1889
8849
9816
1451
4443
5064
6611
4016
4817
4616
6314
3119
3247
7369
8614
2572
7794
5047
4901
6861
2627
5956
2104
1590
3888
8372
1814
8297
6492
6131
4424
470
641
8619
1410
6501
3792
62
6319
45
9906
9791
2819
6810
2860
3934
7307
2675
2115
6799
2754
1191
9958
4785
1409
8516
7905
3724
3775
1594
4845
7797
3233
3162
1183
4540
6607
3589
9650
7039
5902
1423
427
3680
2553
1329
915
4407
8042
3404
3446
4165
8104
3715
930
5851
9888
9441
4892
5943
6009
3201
3539
8274
7623
4107
3372
67
9292
2133
5394
156
7718
7453
3811
1846
4490
2950
6537
3820
772
8791
7391
3497
8796
1778
7308
4992
3420
1297
9071
6111
4593
6119
1529
2243
3762
5107
6807
273
8499
468
2170
3592
5745
2862
4687
8234
3616
3779
8048
1667
6393
4755
8793
5223
8436
8600
448
4632
7128
4603
5791
4046
8157
153
4555
7652
2538
1367
3933
914
2238
694
6361
2091
3696
2352
297
3167
2350
8220
2546
9798
4730
7112
2417
3867
6498
8320
6148
3995
7139
3496
4568
3336
4884
1621
4782
4081
5412
8196
9298
9900
6753
3267
3908
8622
2653
2215
4290
9125
8443
693
1910
1666
850
1112
5368
4535
8560
31
849
6872
5355
5118
7110
2612
9390
821
6272
4399
9654
2354
3177
6956
6823
1009
9578
4378
399
8953
9631
2428
5216
5593
8603
9916
2502
1617
8828
371
1225
102
7246
3666
917
1264
8588
8176
5949
3665
2794
5794
5357
3397
4118
8823
6318
7028
9621
6071
4828
2788
2157
5443
313
9702
6224
3428
3662
8013
1922
3099
4728
557
8483
244
4086
9973
4420
5143
8864
9543
2212
121
7325
4230
6929
5961
2092
2651
8819
9813
2242
866
4050
8973
1575
5393
2334
9152
619
1718
4835
5845
1419
3549
76
4796
9097
1563
7030
9555
7103
5409
6422
4553
3012
6193
9553
4509
8252
8920
5674
9649
1516
1932
5150
8174
3238
2780
3877
3535
4999
8051
6252
3292
6165
4947
8003
9694
6617
8737
1482
9532
1507
4463
4013
3043
1536
304
7123
3573
4746
9684
5570
1699
6242
6919
883
8085
9084
7857
4464
1978
7176
2403
4933
2905
6174
2010
8344
109
3095
7080
1879
1402
2576
3394
724
500
4127
1688
6910
9004
8938
956
498
2343
3288
11
7747
6988
2153
1411
7001
1892
3533
9866
5952
8708
2166
3465
92
1660
5663
913
6733
1000
479
5025
5456
7583
2981
7146
9249
8456
3462
2642
144
1324
126
2549
5222
5758
5671
1509
9879
1391
6619
1632
621
568
7130
7663
2399
9272
2437
5897
225
141
9934
7602
3526
817
7618
7200
2329
6692
8171
5044
1493
9742
8625
7227
3748
5864
1394
9095
9675
987
3593
646
4072
212
3605
7601
245
8527
2848
111
9
9287
5171
7704
6019
9088
4224
3079
3347
2655
2714
6035
2152
4993
9967
3120
9833
124
7861
6989
7356
2496
8862
5134
4726
504
6120
8428
4614
8941
7715
7482
5775
3217
2200
2934
6114
7666
5292
2407
193
5086
7214
842
590
8407
7203
5586
7208
7064
3103
1072
3992
1303
6022
5503
7445
231
8636
4351
5513
7992
3
4762
1054
8896
5391
3205
6800
295
4232
9174
4527
9635
9790
805
2154
36
5838
1857
6710
6507
3019
9162
1622
5157
563
1783
508
7126
3595
3504
4404
3832
4633
6504
7849
3603
317
4843
3634
3583
9894
5121
8565
6249
9295
6460
4361
2618
9453
9002
1989
1182
2020
6085
4304
529
4241
749
6512
5901
4034
9267
3884
1094
8219
4143
8227
2278
6374
5537
5303
4411
9505
2355
8865
1016
9045
8707
4544
7737
5098
2011
3202
5973
1190
2332
6356
2049
7501
2778
4773
6657
5737
8309
6890
4716
2517
2328
3206
7113
986
7133
8538
9304
1614
2930
5242
4748
331
5007
8994
5294
6705
1101
9695
6708
4493
672
7997
5422
5401
3425
8964
2938
9062
8806
6321
6081
3989
4053
2208
357
9000
7449
5715
6344
9686
6820
2294
6496
1952
336
8243
8401
8002
6431
8115
4840
1398
9949
3808
583
3671
3942
8944
242
2240
9001
1098
1448
1174
6939
7409
3654
5695
2912
1865
4131
424
9254
4846
8871
8489
1806
8408
9108
7908
9860
8975
3972
5921
90
9280
1244
5756
27
4234
7819
243
5053
4854
6395
8466
8730
3373
1119
1851
3340
5067
8897
7413
3056
3663
4560
7801
9024
2478
4642
2027
4529
1624
4878
6280
6587
2719
5183
5690
3368
2258
1134
6581
2701
3020
4350
8717
8014
8962
214
4605
1742
1706
5462
9574
3611
4539
8435
3493
8809
2338
811
4291
7177
1816
9383
3417
8878
8037
9744
7965
2968
9884
7536
1844
7360
9545
4069
4276
9323
6255
4788
7354
9208
5852
2226
326
4065
6276
5283
2135
877
4024
6898
7502
6253
9148
6456
6942
2965
5035
998
8205
4148
1717
8498
5990
6434
6688
717
2462
7015
2134
6116
9409
1103
4116
1002
2406
9324
2582
151
6143
8100
9106
7950
4494
3633
3444
4635
2142
6133
4768
22
685
861
572
3070
4225
6532
7205
5507
3744
6834
8190
91
7743
2072
5810
6711
5830
2137
9252
5829
6601
6370
7129
7567
7362
9439
5219
8580
6365
7462
699
5781
3956
312
8186
24
9878
6265
6735
5533
8031
2105
134
8617
9425
5762
7137
1058
6090
4168
5597
1600
6855
3963
9137
1012
1942
1475
10
9515
3063
4792
6398
9732
9196
3681
9396
4865
4692
1467
7035
5491
3391
8195
3512
1946
5658
9859
3551
3459
7051
2928
2015
3381
3919
9915
8536
7739
535
6750
6335
2931
4246
2733
4056
8079
2318
7280
5050
5306
6476
9116
753
4094
5048
2220
9032
8850
3973
6204
5514
2255
7499
7060
2392
7181
6727
5632
9463
5173
4631
8484
314
3190
8859
4083
3912
7860
9611
531
3299
7585
9091
7768
6406
3235
1181
8942
1521
4175
264
4628
25
996
3390
3962
4764
3752
612
1003
7404
7548
8088
4876
2861
7844
6637
5089
4239
8077
2093
5954
7761
944
6188
2716
9284
9933
6885
1047
5282
2421
1138
9745
2562
1118
7474
374
4124
3321
1152
5404
119
7273
6848
5801
4045
9286
6449
775
74
8505
8553
7215
8621
3780
4155
7738
2180
152
4368
3386
7483
3816
8991
4228
1273
6655
3245
5638
7199
9094
2415
5006
9683
5359
4261
3716
1332
6860
8072
2664
2086
7769
6168
2956
7069
9408
6695
3636
3869
7
7621
8340
8985
8598
8188
755
9023
1031
5847
1744
3891
3323
7149
292
2471
375
9222
8432
4964
6266
6830
5308
2194
1060
3702
3900
303
9766
5457
2282
3741
3708
1263
6405
7859
3429
5948
7216
2209
250
5677
5325
9785
1771
488
3653
2213
3307
5568
1558
6360
3004
9183
3969
1005
2897
2961
1226
9388
2736
6036
1064
8053
6270
1357
9261
751
6578
7101
2731
8481
7909
455
3073
8532
4021
421
7512
2746
2591
4989
9482
1662
9728
4186
5806
5939
9159
9195
5666
7024
1868
5616
4613
5868
2619
4171
1894
6509
8477
438
8980
93
777
8142
9219
3370
9457
8139
8123
6474
316
4087
6031
8332
1251
6076
4887
828
8739
2074
2569
4871
7405
8715
8061
2267
756
8183
6877
3318
150
975
9064
4940
4543
4114
1046
9155
7880
3486
9486
4506
7315
3570
3740
830
4112
138
7234
2414
3009
5349
8807
6189
2290
5969
851
5160
1239
1326
7897
1905
429
7703
2119
1796
1585
6459
7232
9705
9571
1006
2480
540
5284
9741
8570
1050
5689
2508
3129
8624
3310
1998
3774
1831
6982
9938
3530
2381
9047
5131
715
8940
9121
7229
6527
3018
6327
3165
1842
2693
2933
3185
4386
3645
7815
4766
5871
1550
127
3797
5161
9245
3363
1780
1526
8889
1704
9363
6047
5455
2083
5661
6563
7486
1057
2622
5434
2702
6941
4263
1189
2439
9687
3367
1633
2626
2586
6101
9737
5588
6371
8913
5092
604
6513
4731
1586
3920
6141
9802
4192
7851
5277
2859
520
3601
2265
7759
8652
5919
3279
2915
3621
9326
2445
7334
4470
2892
4285
8947
4450
8300
5834
1216
9823
3365
1570
820
6681
2262
4833
7963
2031
1370
2796
9455
7852
4699
1684
9056
84
6669
569
8740
3045
3383
8520
2476
1852
7604
7332
9427
5585
4117
3618
9718
65
2809
6457
5600
6847
4474
3225
4211
8590
7896
88
8937
970
6213
3124
1964
1792
217
7433
3123
8982
6241
4518
1841
5886
8107
7998
5181
1503
5651
1149
1765
4757
3062
6103
5198
1305
6123
2018
546
9285
2475
7201
4448
4591
7637
5162
5321
1438
206
1840
9273
9682
927
7577
5182
5817
360
8656
7143
1352
974
3892
886
6345
2292
1020
2564
7464
4913
35
3604
420
1151
2302
5668
5993
8277
5681
3069
6654
5968
9120
8767
9776
3874
2513
3084
8392
5078
4916
7316
8244
8883
5624
1900
2365
9488
7078
994
5510
8687
6469
6397
4359
6291
5016
1592
2080
9418
4567
3788
7370
525
2628
9539
8255
4465
5557
4120
8956
5486
528
5591
1882
5984
5385
3284
7782
3646
3249
7957
6057
2288
408
5647
3074
5049
7981
5877
2506
1661
6863
7114
6943
7018
2382
43
3106
282
8545
8356
8939
96
3889
6674
8640
9948
4706
8325
1629
3223
8430
1494
5012
5108
9057
1687
3107
679
4844
2662
6772
3924
7732
7856
2449
1654
6170
8518
1657
1725
8661
3842
6612
4074
3596
105
3246
7327
570
3917
5605
9131
9828
3327
4060
2146
9902
4486
7379
4514
6904
3821
2256
8745
3248
3038
6694
2201
9582
3460
744
9126
1143
1368
610
9434
768
3346
3700
4130
3157
935
4610
3329
7792
4637
4376
1649
1169
6979
9577
2132
6092
5900
4040
9020
3935
6796
164
4314
9294
4546
3929
5038
8319
4596
8657
2925
4847
7319
2909
8638
8377
1957
4191
9283
340
1372
3059
8010
7828
4128
6761
2026
6300
1433
7871
669
793
2214
6432
2584
7858
2047
2237
1776
7934
3495
2500
5746
829
7204
3847
3907
8876
7090
5179
1754
6572
6246
8533
7212
9266
9560
1436
9889
4545
2228
9997
8799
7728
4026
389
5610
5546
993
9479
487
3732
6538
4888
5667
5532
1884
5911
2650
8
3968
3641
3300
667
2646
6220
9656
5740
711
3522
8365
4199
9886
5595
6216
287
5831
8439
5323
7239
894
8854
1298
960
7662
1331
9733
7489
5634
2271
8631
5959
8729
2602
8224
3152
4418
4522
8558
3440
4756
4247
55
3047
1383
6906
5237
757
8380
1038
7430
1301
6888
5341
9437
1288
8700
4194
4561
2916
1259
9715
9136
6876
9072
4811
644
9028
1548
1366
1148
1380
523
2503
6549
8349
4552
3028
9720
7249
1721
2577
9170
9440
4139
6326
1311
6454
9507
5770
3661
1071
1931
7636
3282
4617
8710
1663
8059
183
2983
2183
9692
4338
2129
4157
709
8373
163
8785
9944
2335
1246
2013
368
3080
3490
2644
4986
9290
7172
1883
7065
6608
6001
4767
2234
3558
3949
5859
2534
4366
1235
6052
855
6302
227
2691
3590
3005
6130
3445
6786
4237
6500
7044
2409
7007
4051
4416
2759
2309
2099
9909
7371
7882
2371
1781
7318
6046
3742
5611
1793
9750
7368
6162
1619
6078
3987
4921
6373
8575
7092
4962
1291
8943
8328
5142
7268
8788
4880
7726
8966
219
5069
9349
6490
6316
7049
42
9191
3591
8189
8930
5884
2383
7141
1697
9696
9917
7266
9158
6615
2718
4830
2410
2270
5504
8033
9130
3243
7161
449
5899
6342
1745
3396
5239
2308
6871
6582
6645
4356
4832
3899
3180
6948
283
2986
2963
4798
7186
6959
1712
4576
446
7626
4886
344
9246
7770
3320
3885
3882
742
695
1761
4670
8852
3793
8549
6158
9200
4400
8733
6068
1117
7127
5839
7811
9716
7679
3803
4278
8463
5967
8904
3873
7017
7940
5071
208
6716
5419
6535
5487
8268
6385
7132
5104
9403
4998
5807
9918
8500
5826
9258
1789
9998
1634
9446
9278
9360
8138
9803
3274
7516
345
8102
2527
6219
8235
7616
636
1070
3324
5014
5268
4444
8444
5416
9014
3434
2611
1157
1944
8820
6756
5999
727
3926
9473
9115
9302
271
2900
6420
3789
4696
7955
3186
513
7845
5253
4547
836
9431
6096
9189
5891
4377
259
9662
5151
6063
2652
1386
1404
3839
5192
6868
6659
7580
7820
6362
239
8070
1914
9367
4639
7924
3728
3896
9192
9211
895
1369
2322
5528
2682
6914
4042
6051
4590
1462
7756
9187
6018
8765
8735
5224
767
8935
6546
7964
2877
6274
5857
4668
5560
2823
950
9480
2943
7468
5270
8135
3669
3982
3137
1142
8129
3813
5714
8495
6946
1478
4911
1158
1100
4698
3457
6185
3632
9806
8845
3750
4814
3698
3812
4956
8016
327
5399
6389
1681
9565
4995
1999
2949
3755
2097
5172
3772
8777
4310
2116
2638
8705
2537
4761
3226
4434
4144
8596
8958
7363
1747
7442
603
8471
4786
1963
9572
6333
2062
1464
6039
661
7250
4949
5286
4918
1556
884
2131
1198
6931
5415
3290
3524
2832
6121
1399
6997
6580
2190
4660
9899
8546
3575
5548
7938
7091
7684
9129
6728
6661
6658
9271
2880
6289
9232
4630
7407
1693
8155
9401
2145
6466
2587
7914
8978
4468
1137
5672
2061
4988
6391
4723
6402
1385
7850
4917
4184
4905
8267
4455
806
3227
7401
9769
5575
2620
1450
4426
3552
8604
5477
8476
2594
1980
7654
8834
3097
7821
5940
2902
2512
2758
1540
4507
6911
1903
5878
9746
4991
2155
1702
7722
9960
9562
9319
5295
1808
5405
766
7057
1997
378
4795
1382
9593
9612
2661
7975
5249
5739
3620
5328
579
1374
3699
7717
2443
9332
310
324
1554
9262
933
7591
6945
8124
907
4014
8676
6012
7282
3131
8651
3845
6721
6084
3182
1491
7373
5347
6894
9904
9444
2000
318
754
1595
3239
392
616
4521
7847
5862
4915
812
1803
624
6048
8530
9055
5187
6734
6633
8501
9242
9551
9364
2182
6002
6482
6599
7578
7806
3139
6779
2296
6332
4140
3503
1376
9596
4077
8426
5058
5531
4348
8173
2
8684
1786
1249
2550
9590
769
8251
2482
2124
4822
6369
9490
3952
8968
7358
1759
8337
4720
61
7877
9119
308
4492
2393
6616
1022
3261
1443
6588
228
9428
3625
5769
3767
4810
4624
5202
1832
7257
4777
5980
7925
4708
5441
4931
8397
5346
4176
3996
4657
8959
8629
6011
4685
9054
3422
7689
3176
6110
8893
9077
626
1845
6379
3635
3075
3088
1675
2021
7834
1217
8814
6944
4326
7036
3051
4700
8158
8872
2219
9962
7746
4765
5240
1504
7664
5724
1240
4337
6930
5615
1185
4196
7242
2287
4297
543
9058
2957
2297
7262
9982
3352
6271
7609
7375
6275
908
1848
9107
4747
2975
2568
9241
9518
5885
7376
8253
5493
4500
7119
2284
2673
818
7063
5259
3713
2817
9804
5855
8502
6534
8515
7156
9623
8289
9607
2321
1983
4778
862
9547
281
5555
6244
2032
4683
2941
4499
8832
7416
2991
4289
8877
8146
3753
2911
9405
948
9139
3981
5951
8909
8465
1466
8097
3706
787
7582
8366
9877
8387
6803
1153
5168
9270
3814
6985
5175
8646
5301
9202
5423
3281
9980
8460
7431
3743
7558
9764
5752
9936
6905
7644
4776
8105
5370
3571
3192
3269
6731
2455
8507
4355
2235
2042
8670
6850
781
4307
965
3339
4287
4105
1272
7543
2188
5024
6099
9402
6411
5433
1972
8169
3156
7745
7390
4075
8047
9678
8697
4963
1300
6218
3970
6079
8359
4342
6243
284
4442
5324
8363
4930
3077
2565
1898
741
7883
1809
8080
5438
5057
9726
1801
9350
6792
7336
2230
6278
6128
1996
4202
4403
5872
2605
922
888
280
4238
2204
1598
7287
3859
6621
8215
6785
4070
4510
5256
1037
9516
3160
2559
7840
3455
5000
7329
4959
5536
1116
9226
2210
8348
423
8783
8384
8821
5767
1890
3312
7484
3659
3127
1637
9067
4182
7813
4123
712
6363
8163
9133
2390
8840
2316
2509
2959
3342
5912
598
7293
1625
6426
8390
8922
2007
5340
3806
3887
7528
7004
6354
2878
8667
3786
8185
1390
5553
