6352
9733
3569
7772
2192
4894
5268
7239
4623
2896
4811
9343
2643
2280
4912
7171
7221
669
2748
4032
2483
8743
9706
4129
4787
4514
8511
2054
9223
662
4842
8941
3095
5348
6573
2901
9445
4104
2864
4731
8959
2461
8113
9367
3112
7905
9000
6560
3236
7884
1027
238
5958
5993
8474
4044
4235
4631
5564
893
4412
8866
3561
4343
7809
1383
9636
1493
3858
6512
7947
3129
4120
9356
6350
7332
6932
2743
2319
8167
3100
3503
3899
449
4434
9947
2285
1918
7505
3376
7751
248
2103
485
5710
226
3716
2924
3353
8422
8005
762
4864
6275
938
8950
586
6939
7855
8391
5224
8992
9442
6788
8995
9004
624
3366
5470
7984
6501
971
1758
3661
6334
1085
9970
8749
6599
8243
1628
6057
6255
6018
1597
5390
3024
4316
5210
9776
6111
3439
6397
436
5329
2148
8522
8272
2809
3076
2671
9510
4873
9672
6650
1096
69
4616
1293
421
4217
2524
5134
5930
1492
4090
2941
4106
6915
7008
5141
1147
3757
4086
1043
3127
6085
437
3340
6767
1612
6559
8752
4267
1745
1881
380
4180
8925
5031
6671
896
4246
5203
9949
4181
6805
638
730
4761
5448
7688
4402
7788
3874
6224
8640
1813
6022
501
8673
6176
9526
8024
9709
5273
7289
2
5466
310
5007
8347
8635
2622
2160
1391
878
2215
7427
9344
7362
8195
407
5508
5887
4406
6657
8720
1368
1481
3763
6738
8660
3817
7626
9063
132
1679
4995
6178
8822
2769
4095
7632
8700
258
3621
6786
4487
7301
5825
7610
9685
5416
1181
1889
5132
7279
8087
1672
1172
8029
5860
6136
2322
9287
6321
6387
5220
5127
9719
927
2549
6402
8424
9933
256
5722
7946
3120
4575
9931
5065
5074
6073
1184
5826
7468
2254
4680
4751
6904
4525
4578
4591
2352
3233
5352
3477
5979
1894
8013
8423
9345
6291
7349
675
7848
9606
3655
9090
793
6491
9481
2585
5364
5145
688
4253
8756
8731
6778
9645
9833
919
2918
4403
5486
6323
4197
5370
6963
2440
7704
4798
9807
7134
8870
9117
1725
3536
6223
5093
8146
4080
6747
3746
4715
8505
1345
8736
141
1969
1387
1327
6775
269
3955
5553
8362
7024
8096
3885
341
4862
5332
6124
7522
591
113
3650
495
1899
7531
8141
766
3356
8279
8008
1825
8723
1032
2865
8665
1356
6218
7439
535
5717
8727
4773
8162
5472
1747
2486
790
1507
3298
518
7857
3718
5163
7485
4885
695
4917
5578
7598
2920
9100
8532
1632
7334
4354
8770
2250
2661
2243
3104
4760
1240
1359
6274
2083
3484
8177
9985
4902
729
1297
2859
2087
5652
8218
4130
8130
8216
510
8002
2408
7616
359
4485
7650
2659
8847
4956
2575
4486
9138
9337
642
9396
4390
8074
8961
1292
9550
8479
543
7547
4806
8382
2134
1250
5981
8690
4171
8462
1709
3026
4275
9276
3016
4198
5183
3764
31
7779
1675
2078
7561
9988
4263
1423
8157
8293
4038
2047
9419
9566
1500
1554
789
9641
798
4065
6978
8206
4228
4292
7693
9303
2933
6717
1996
7042
8140
329
4190
3471
384
7240
8482
3643
6165
8689
1789
5363
7749
7989
3044
5587
659
7847
7998
2925
3013
9927
8182
3924
8199
1703
7644
6007
4534
6421
2753
4068
9384
7963
9874
5521
2771
4737
7546
8659
2908
6504
4476
6125
5459
8812
3232
5485
24
3467
6116
9479
1341
7462
9665
9759
3524
7163
2609
7872
4216
687
8525
606
3792
5991
8769
4041
9806
3992
575
4281
8891
5337
7549
4473
6052
9778
9469
1601
1924
6723
169
7686
5219
9243
1647
2667
9404
6234
1442
4913
8593
5679
293
9359
2327
3568
8997
2061
5576
9762
2838
6891
5444
5022
7434
4907
5894
7203
4011
524
2275
778
9718
1122
2749
2707
2856
5194
9244
1203
2766
678
3313
7292
61
2052
6048
4496
5996
8487
8703
3755
8268
9724
2783
9800
2942
7394
1028
6039
1663
4167
6967
1303
6916
1447
6690
861
1389
4136
8009
5928
9652
727
4736
1958
6002
308
1741
4139
23
1735
3124
2699
6635
9151
7160
7588
9052
8337
4127
71
5953
7101
5346
5179
992
9201
5095
5229
3346
3807
6988
2037
2157
8190
4206
9192
3520
2140
6463
53
5212
6024
5840
9187
4462
5763
5624
5702
5811
6570
7381
7915
3256
1871
147
3913
158
736
4889
9214
4614
360
4668
4014
6731
6283
6099
1762
3574
7957
2726
7303
7866
1199
148
1547
6027
6534
9682
8548
8643
8592
3455
9819
5769
9492
7825
1461
2349
1168
2623
7577
1464
2164
4638
577
5221
6021
9394
3798
4958
9318
2773
1732
6296
8579
1137
3909
9250
9377
4815
3808
3624
6209
9890
8981
7110
7189
8934
2109
7424
2592
9083
1620
3514
8600
7319
8884
9211
9488
300
7672
1209
2979
7710
1482
504
45
8122
2560
7003
7971
301
7933
2732
4586
9871
8656
9661
1797
4919
7406
6517
9563
6427
6432
7578
241
7867
25
8012
5185
1828
4625
5296
9577
7215
6295
6592
3610
8555
9071
7956
3758
8289
2012
12
6183
8349
7114
8058
9499
2640
7371
2897
1174
6184
5886
8210
1845
8717
3083
9514
1114
3176
3700
9164
2379
5476
1801
6398
2555
4413
4850
6389
8154
9326
658
4015
4186
4692
7535
9810
3724
3375
4442
6041
28
2470
4733
3235
6606
8547
1819
2400
963
4738
6688
2455
4936
5213
5844
6934
4898
5902
8248
8985
720
6749
6196
5435
1964
1729
7236
4483
56
5977
4142
9017
564
647
3733
2159
5820
7936
3145
8882
6831
2189
9172
2961
9331
3814
5880
4718
5615
1397
3981
4952
9072
1892
1116
8445
4554
5012
5797
6659
1565
3368
9987
7486
7311
7969
2858
7856
8040
9607
8021
1852
3496
4451
9193
8887
2476
9600
5561
6119
4039
5940
8888
7608
2062
7201
4273
8086
3442
9802
4070
7467
7002
208
2599
8274
792
3997
8220
1808
5779
6634
8742
2194
6016
2687
1497
3526
5546
2848
5440
7116
8026
6344
7104
6213
2795
1787
5442
5121
5201
1000
8877
8314
306
7396
9370
2050
3773
6419
3393
7742
9961
2084
2099
2982
4265
6337
5786
2893
2544
3587
7045
4981
4583
8692
5593
6405
6897
8607
8238
1130
3367
7530
3905
3171
8490
3818
422
6262
6562
9184
9019
319
6798
9338
9354
601
7826
4219
8227
6227
6313
3408
9177
131
1059
4696
2463
1278
2852
1916
5784
7267
1080
1078
4654
6420
4848
5253
27
3424
4212
4619
86
4831
2341
6548
1571
2822
6889
1463
3150
5670
6528
7565
5726
7647
4655
7607
8746
4381
1921
3760
4408
8441
9109
9333
9158
3180
2212
5156
6444
9795
3549
7835
2224
3979
1623
3596
7987
2253
9754
1704
2522
5336
9894
768
7052
6058
4085
8789
5135
3369
8614
2330
6874
5694
4309
2572
3931
4096
4818
7129
6445
3957
3295
636
4597
4047
7837
7886
5011
8851
1540
472
6733
8187
6616
8250
3756
867
9539
3542
4154
8460
7534
872
1151
4300
6948
8283
8335
2967
9456
3528
1600
1999
2117
4225
702
3845
5526
5217
6465
6957
9615
2869
9382
1987
4098
5559
9702
2323
9355
9805
666
2208
362
6212
8946
4706
4376
7628
969
2015
2096
3373
4233
1321
6864
511
1544
8526
2741
3210
9249
2527
8381
2573
8301
3714
7892
9053
5454
1095
6251
5331
7466
4310
7640
2696
5389
7803
4581
1886
5373
7713
1020
2714
8494
4604
4596
4242
6795
559
990
3081
5393
3037
5060
244
1472
6989
1541
2241
5622
1270
3281
7031
737
3090
3692
5120
6375
531
1239
5752
2884
6632
2431
7219
8393
3339
7130
9178
9232
4243
9413
7705
4612
8650
2534
8542
951
2922
7692
761
9948
4985
8039
5251
8192
8612
1247
5425
1279
2899
1590
712
2902
3000
7070
2939
6435
4876
5029
7560
945
1683
6113
234
627
5505
7030
898
8486
2638
8172
9098
5804
4005
6144
7953
3193
1527
8384
5522
2606
2666
4700
2306
4178
1784
7161
4187
8437
3491
6469
7273
5984
4165
4059
8176
6055
4888
8578
2981
2278
1949
1989
7584
4101
3695
6860
3322
7345
3766
5491
3505
5876
2674
3433
2863
8121
9892
640
8352
4684
197
8144
4248
5392
8164
5936
4074
5090
7091
1103
6241
9534
32
9569
1489
2695
5575
4703
6558
95
8165
1483
4520
2173
2202
6863
6926
442
5730
8513
464
2410
1685
1582
1823
8189
9198
1791
6956
4610
7247
8828
1022
7976
8378
3394
5423
803
4083
3258
5184
5300
5633
7086
7863
5010
1817
5050
1588
2229
1963
3602
9336
2604
9747
2006
3080
37
2525
6797
7058
8713
8783
5676
6233
2720
8209
9969
450
8879
8015
8681
4841
7600
1875
5245
7204
6768
7126
2485
5168
9379
3822
6347
2801
775
8244
7340
5360
782
7471
6551
4347
4431
9112
2358
2632
8374
6620
6724
844
609
4717
7147
9839
2119
1100
2688
2850
7374
7521
476
4657
9984
2876
423
4590
4450
4772
5462
6454
4819
2458
8808
9306
1977
9127
8863
7391
947
3062
3527
2169
5283
7400
3221
6204
5081
7076
318
2073
1354
6280
451
5122
9043
4991
9813
1437
6009
7061
264
600
2071
405
2603
3513
4360
4339
936
2154
5579
2094
5233
9548
9956
419
3559
8667
4686
4425
4516
1241
64
4342
1517
7651
7269
1468
4091
7084
2269
3779
8357
5520
3739
4103
711
7237
3228
9103
4161
4897
2122
2505
6537
9056
1076
3071
480
1880
3543
9304
9901
1217
5430
6906
8447
9959
7609
433
3329
965
4035
6640
4230
5474
1580
4970
5827
9314
7297
7416
8920
698
2903
168
9062
191
3558
3412
620
4540
4791
1644
5173
1543
4244
7229
4204
6017
6685
9286
1010
1915
4208
5712
6118
5330
483
7801
1195
7654
8553
2559
6377
6695
7736
8041
9865
3801
1903
3670
5549
9780
18
2437
103
8062
9579
4541
7113
7511
2033
6242
2188
7047
167
7924
2149
5255
8046
8563
8733
9848
7307
8549
8115
2767
3565
4385
3453
710
1179
1780
9529
3272
6644
111
9519
3823
9715
4308
4757
9952
6154
5919
9137
3778
6023
9951
6641
5403
3486
3663
6383
828
2964
3627
7197
7064
7733
2744
2328
6267
9520
5226
1929
5119
5920
443
8615
1763
2024
3523
4321
5892
3850
6380
5795
9878
427
1267
9902
8458
1831
8380
51
1355
6492
1506
2058
8800
6953
7180
9013
4559
3225
1357
2324
5881
6598
1701
6890
7291
1466
8467
3314
9028
5969
6153
7062
6281
9260
93
2721
8871
9412
2862
6499
2685
4028
2265
3242
1518
3571
3323
571
749
3136
3634
8315
4297
4396
9713
563
150
4241
7850
161
7013
8297
596
3347
5500
6342
4177
8627
5054
8905
6205
1307
2450
9054
9282
6627
7377
887
6229
570
2914
6159
7242
1086
5705
5685
5750
376
2825
9712
3675
2759
8608
317
786
1941
722
2952
2686
1428
5509
5003
5286
5391
4447
4978
5049
4007
7298
9770
9064
5196
6260
7122
4060
2832
4420
6694
8655
9777
3
2548
6012
9219
402
5261
5667
2673
8980
2335
3631
4504
3696
5865
9088
752
9797
4034
1412
2626
6691
6823
8282
397
502
3470
9784
3395
1171
7094
8773
7673
4522
97
2038
6310
2227
9420
5756
2201
8820
6132
8435
8999
3033
5248
5557
9920
5837
2904
3701
1532
8025
1804
2441
5967
431
6751
7290
7392
100
3553
4606
6050
6508
940
6305
8168
411
6629
59
960
1688
4277
6070
6326
7627
3793
4501
3103
2993
5986
8574
5281
8433
347
1320
4647
8935
2620
9340
6186
3580
3986
6585
8844
944
7698
4930
6415
2063
78
240
5028
429
7033
7335
4629
356
6958
9296
6774
1798
9444
795
2670
6677
6293
7453
1178
1821
2114
5673
5542
2249
6692
6878
498
1257
4601
2075
7985
876
3497
9545
3215
1400
527
4399
6965
68
1231
6626
5125
4560
8327
7877
3014
3099
3674
6931
9149
9357
2558
9263
759
3551
1667
2100
3465
7075
2168
3317
3682
6893
368
1909
8583
8821
2927
2519
4345
9045
657
5879
1456
6015
3856
5838
9457
8558
3403
5962
8793
6966
7661
4526
9078
7828
7399
1414
7181
7841
4999
6851
2571
3947
2926
8112
1058
1370
1133
5644
2618
3535
4822
9212
9679
9785
7060
7548
6804
4663
2302
3676
5108
9278
2976
5316
6888
2112
9613
6693
6006
3742
655
3309
3334
4644
3138
1896
6117
3813
6854
1443
6614
473
1856
2830
4832
8397
8311
2418
2296
6977
8781
9507
7464
43
9504
3036
6511
9711
3744
5318
6364
5288
4400
5407
9369
471
8754
6736
5048
8993
1975
9858
9688
389
715
3472
4460
6973
1726
5424
5677
4824
2300
3547
532
6665
9003
7774
1216
3618
4988
7270
716
9730
534
6369
1474
3570
536
5709
9556
2393
2634
738
8421
2001
805
6192
6586
4892
2398
10
1648
1253
2375
6779
8760
9228
9936
7227
4721
3374
3493
4040
4984
2493
4861
2912
1689
8179
1470
4232
6247
1546
2274
6525
3079
6277
7833
1614
1530
6618
7316
1926
5243
8994
4783
7556
615
8153
3023
8638
9574
4611
4024
5734
8537
5030
5406
691
4900
5484
7164
8118
5200
7656
2999
5404
7105
9609
8442
2057
9866
9505
653
6254
6578
4929
7044
7449
1197
4549
9758
8226
8745
4982
212
2391
4724
2537
2740
296
2048
9803
772
5548
7066
6569
9676
9277
3783
3109
8203
398
4695
8872
7629
9537
1056
3781
7891
9207
756
1877
2271
7117
6322
6455
245
598
5468
3928
3184
8084
9657
671
6793
7276
9793
8937
9050
2366
9153
3966
1523
9588
4543
1163
7037
2299
3642
8533
1403
587
6279
5303
5394
8350
9035
3284
4010
5182
2478
7667
9330
3879
8266
2855
3419
4551
6063
686
9608
4748
3704
4484
6687
8410
2804
8803
3690
8567
9755
9934
4464
2655
5682
5560
7233
4678
42
6353
1334
2356
3709
8924
649
588
8973
7573
2762
6869
3946
9791
5945
446
5211
1724
4961
9512
7225
7935
595
8296
1243
1285
2314
8807
9549
9994
7537
7817
9772
605
2815
765
4084
5490
788
1657
5583
2228
4633
5046
7438
814
7073
5724
8969
7154
461
1149
3679
3566
5774
1553
5527
6764
5672
3799
8923
2464
1526
7760
514
562
2751
9580
1814
4634
1305
9666
2292
8405
9093
869
8000
8947
124
6193
8520
2351
7036
908
5193
7263
298
7023
1038
2000
8333
4682
2943
7231
119
5570
2184
3468
4837
4334
2805
5419
2046
4598
7805
1003
6630
9011
2969
4245
8267
2136
6711
7613
5507
6102
7997
4372
3548
5617
954
1266
4826
3771
3451
6079
3914
2076
6243
6842
9082
1664
3921
415
2246
6658
469
4207
7038
5842
9887
2415
4499
6757
4675
9895
2390
6423
2346
7404
1052
4722
3165
6496
3009
5417
9248
9912
102
523
2472
7819
2444
1907
9825
5992
4946
1044
3741
8240
1716
9809
9046
1484
3179
773
4094
4627
5949
9021
4914
1065
6143
7222
7473
2528
6706
7940
4266
5477
1339
4994
1167
6123
9095
1668
221
1504
7564
2216
3067
3649
7758
9239
9097
5264
6330
1069
1785
140
4903
1422
1605
5648
8584
2763
4164
4100
1694
9640
7727
9723
9973
1310
4055
5188
9269
2399
3035
5231
8790
5272
827
1378
3516
1718
7995
8014
116
3894
2064
2203
5531
5149
355
3726
2594
2316
6269
379
842
9160
5706
8802
6340
3855
8596
9231
2636
5657
6952
7336
2889
3360
3494
9268
7503
7719
7488
8416
7770
1738
8499
3945
3892
5230
409
8531
92
6141
1743
3399
9486
4553
9429
7387
153
1671
2932
7890
4720
420
5175
7021
7285
2377
7763
6036
8971
1384
4012
7048
1878
6986
4078
1394
3554
1992
3266
3448
6228
130
645
2266
7378
574
2625
4427
6235
3271
8361
5005
2694
6812
1618
6715
7927
2786
5169
6122
1503
4589
1156
1189
5834
143
6443
5042
7767
1742
6808
4535
9402
5847
5215
9976
9611
3102
5051
2329
6666
7902
8241
1254
6135
3593
2513
2757
2345
7966
1012
1965
2887
4933
125
490
3976
5227
5241
5312
5464
6257
6428
3148
7256
9440
2977
4916
3525
6546
2880
4793
7459
2213
3903
7635
487
9906
2929
6096
6624
4429
5293
8868
9057
1538
1777
6996
6372
1634
89
8691
3736
4771
5800
522
3967
6892
956
1680
1976
2334
1402
5588
492
9689
9476
1173
948
6790
1252
7706
2389
6859
8234
1577
7813
6502
8053
8181
7039
7643
9543
3421
6672
7983
3980
8065
1361
8358
4
4247
2442
2995
5154
7153
4081
7028
8708
343
6847
8876
5785
4327
7955
7426
7568
6936
9616
5525
4531
8722
1358
6879
7810
3457
9222
4383
8528
5354
519
1308
8287
8952
8406
9411
6664
6911
8539
8556
9474
2934
849
8680
4577
5252
8523
9339
7097
9668
1262
939
7470
4375
467
2361
7198
7172
6382
8606
9039
9745
2026
3153
6356
3077
5451
6147
9700
2970
350
1060
5569
6535
7159
8560
6918
4770
6130
3889
2888
9143
739
831
7887
6513
5170
7529
5062
1589
5789
1962
8829
9654
780
5067
7409
6705
8236
5249
2132
9428
9995
4599
6361
8455
9494
4411
4618
4423
7800
774
3116
3212
5808
8597
7802
3405
4665
4419
9094
1606
1783
6207
6533
2712
4054
7005
7716
2621
6876
4138
8975
4341
7854
800
9576
6725
5823
1244
4536
2217
7245
3597
4093
5297
1213
4796
6639
9165
6056
2411
5720
7082
8764
8339
2207
3341
6682
3257
5209
6318
6992
7659
7967
7370
3948
4140
491
6376
7755
4747
4391
5852
875
3029
7441
333
1610
1245
3694
9067
5413
1304
9313
9677
5595
3834
6628
7447
6845
9453
8930
3952
7414
418
1418
2813
7166
7411
9516
526
5809
7106
7766
4231
1873
3436
6169
4676
6083
6203
7103
164
629
3022
5033
5285
5110
6044
2877
8137
4552
7446
6785
8304
58
5550
1662
3482
6120
2225
107
7306
7429
8898
6742
8111
4584
5777
7175
7358
2357
854
1681
6494
8927
9414
1404
3187
2672
7646
4666
5445
6964
3522
8827
9851
9012
4935
7257
8759
4579
9541
7308
4439
3365
9891
1779
3990
1290
2745
3876
8158
6582
7591
9001
1566
6802
6830
2453
3620
9325
8399
2885
7477
4393
5874
6568
892
6075
3861
3324
5664
6358
6403
251
4565
6720
8805
2521
4478
5376
9692
4794
5816
6004
9048
8729
2624
8413
8835
9551
4688
4763
5532
4453
2446
4735
9031
590
5291
5558
7081
8221
3782
8134
4022
6040
1834
9348
7213
6758
9737
2403
996
4550
2019
4441
7260
3481
5260
7510
2984
4967
5545
6728
3804
2178
5863
7562
8043
4951
4335
2615
1496
674
8254
1413
2781
5735
6875
2879
1853
3440
2025
7281
1865
5144
3449
6652
3691
5104
8401
1849
3780
5014
9885
5684
4222
302
5773
9025
6026
3086
608
3001
4518
2233
2998
6968
4524
6649
2946
3290
5733
6284
253
7249
9236
7612
7655
3115
5537
3604
4073
7614
8654
4087
2492
7851
9893
316
5206
9886
5913
3066
6366
9575
3030
5325
9827
5703
413
5959
9387
315
5935
8103
785
9122
1459
9443
4690
5649
8838
1399
105
1340
6438
48
2780
2240
2501
5761
4571
5596
122
90
4125
2392
8434
3259
2355
8619
9903
6557
9466
6160
2774
9455
3351
635
1835
4260
8178
7999
2923
6182
2710
6
2297
3999
9154
129
8155
7676
2167
3833
1408
7202
6925
8568
9684
820
2948
3052
2179
3628
5762
7258
2692
2834
2256
4821
6490
7271
9191
9320
6388
643
6115
2633
3177
3418
5152
5927
2561
5216
2987
44
668
5263
4466
5199
205
5015
17
2180
5668
679
3906
4673
5256
6940
8004
8895
416
3937
6065
8180
8280
7022
9816
2824
4147
305
3893
3826
2101
3410
3960
7010
7194
3805
6010
2293
192
2596
7952
1863
7674
4851
8698
2108
7482
1182
1699
5155
5728
6478
6994
4941
7228
7797
1646
1567
3930
2002
2465
4523
7360
488
513
3350
8215
822
2651
1445
9639
6718
5304
6870
8744
481
2035
1057
634
2467
545
2833
6849
7675
4271
2069
637
7586
9643
2669
4497
1710
1576
7611
8171
6202
6418
7631
5207
7812
1669
4398
5835
2665
2940
320
6000
281
1214
4976
7764
9918
4029
126
8588
4782
6872
2711
4324
1761
3011
796
9875
7776
247
9792
345
1457
6049
1534
8313
9757
137
9368
3118
9617
2457
5034
127
841
3320
3379
7112
7697
2121
2263
7361
8917
6312
8687
6498
8063
2581
468
1154
1947
8485
8817
9846
665
4921
1185
7910
8300
7663
8324
7367
8375
6208
5414
3917
8438
8990
3777
5723
7645
8741
5420
8517
551
1374
8408
9176
5833
6020
6515
8331
9596
816
4899
7929
219
1007
6901
6974
7806
6766
8589
7642
1473
6923
7769
7795
6527
9351
2700
7725
8051
8651
9055
7484
9601
2396
6286
6636
1665
2336
2907
5922
5453
9658
9026
3383
3969
5214
9649
7478
1416
4960
401
6660
403
5405
9152
1826
6206
2416
1421
5830
2009
1296
7115
7617
8119
3191
1036
6430
8396
339
1515
5946
8889
162
4416
6335
7735
8968
8109
7454
1595
9518
7191
2963
8550
1234
2724
2704
7069
7177
3866
1337
868
7410
1984
5845
9630
1811
229
26
6168
603
3227
8586
9037
4048
284
3768
5412
7329
985
2028
6955
7832
9870
4950
7223
783
2989
3222
7266
9861
4906
2162
2988
7744
9882
4532
4883
6453
5493
5870
1693
5714
7932
8766
1513
3064
7018
8858
1531
365
3303
5397
2219
9374
83
2807
4329
6307
9226
2631
2369
6867
9832
8194
8151
3687
5787
8032
3406
4128
5964
1237
8251
6887
5023
5092
6998
2110
2788
4911
633
1931
5757
5299
8174
2331
8354
2221
8637
3888
3213
7994
322
693
9426
1596
1879
4539
5556
8
7053
211
7372
2509
4845
5434
2020
1256
3811
5514
8228
6979
1471
4588
6357
7338
3598
6069
9034
6670
9612
880
34
1897
7541
2747
744
1153
9144
975
7594
7784
1678
7224
5889
9954
5625
9227
9421
2077
309
9281
136
7572
9120
479
3540
4223
9015
5653
1326
2546
3926
7007
7954
8426
3667
1238
750
6871
9029
991
5443
1822
533
9235
2030
8456
5742
81
3743
4776
9262
3578
1229
19
270
7898
458
7858
3727
8645
7517
2402
7873
16
1452
3402
7143
3507
9129
3567
4123
2145
2205
2854
9925
1585
2451
5301
5280
5488
6410
6713
314
4969
6654
2262
3994
4249
209
4353
7176
7492
7793
1454
7695
3672
4937
6835
3552
7
6500
271
364
96
1013
949
3668
9746
3415
8262
323
2737
8124
7649
1034
1145
1009
6947
4636
5607
6899
9997
7652
7376
6826
692
2147
3060
8117
5524
3018
1858
2595
7065
1073
9199
8451
1573
3626
4307
9568
5059
9618
528
5359
6060
1082
3270
3125
957
7192
4704
6495
6306
7431
8674
9924
1744
3253
8135
1331
7829
8271
9372
5620
5831
3988
9853
152
5322
742
8775
538
6386
5197
8080
8676
7543
4027
8984
377
3582
1212
2536
5581
5432
7871
7937
1097
8480
3972
652
3250
1348
8175
3156
4533
9189
3045
4561
3429
881
617
7559
8341
3311
537
8102
1159
4732
7824
3864
6367
4184
5396
8308
8312
1627
7359
2959
3427
2468
8428
3450
2894
5129
2949
470
3560
5765
8493
5377
5566
6095
5924
8705
3137
1829
8273
1170
3174
6484
5853
2471
3264
5313
3458
1862
9069
8224
2412
218
41
5732
719
3134
4880
5
9571
7731
771
3577
3325
3557
4472
330
9631
9705
9998
2820
2890
5651
709
7746
9168
2264
5597
5109
8661
7156
8222
9007
9233
3218
864
9725
1205
1258
9079
4508
5319
8964
2639
4424
9634
5600
4067
4097
9799
557
8011
8185
1691
3133
5688
2701
8316
8363
1575
2760
8509
8623
3483
1478
3665
5832
6126
3859
5174
8979
2065
2566
2782
7970
2656
2966
4945
6579
1498
6301
9397
572
7046
815
1913
6882
3635
7678
47
4661
8444
3473
3583
4409
9373
8142
3463
1521
2510
3268
8818
9358
2557
3829
3819
5998
9752
5647
2545
1224
2512
3996
1175
1598
8249
8007
4261
9327
4306
1042
5637
508
5222
8372
4637
7665
363
830
1351
8819
6853
986
6550
7883
7919
4511
5077
4587
4836
5914
5306
5075
1786
7981
2489
5189
6245
7707
3034
3381
6175
1448
3260
8099
8464
9376
4046
4203
5254
6518
8669
2898
6623
7638
5098
1769
3207
4153
9459
2508
7852
3444
9859
6541
8501
6662
6972
926
1581
1306
3249
4159
1040
8634
9175
5242
4362
3623
9283
7988
4566
8143
4870
6180
2716
700
847
964
3936
6226
6873
2473
3396
3461
3214
3354
5862
5347
6177
2423
5402
4356
5778
6256
1974
5858
5471
7142
9651
5106
2459
6962
1959
8360
888
2480
7016
3188
1568
9400
1937
3765
9096
3251
5871
8052
3028
4196
3882
4414
4670
9237
3916
324
2538
7620
9403
3978
3509
3878
6413
592
4990
6576
9203
4392
7102
2426
3532
4237
5768
5101
7768
8340
9364
5287
8521
4463
7216
5324
6696
2739
5610
2806
5035
4183
3725
7974
1451
7606
227
1979
1917
404
1480
3194
7754
3130
9877
2994
4802
6417
9508
1966
8064
2583
1388
7732
4639
958
5829
8506
8083
6577
7190
2183
2397
855
4072
8081
9605
9753
5952
2359
7961
9644
578
955
2187
2095
1954
7579
2515
9173
9670
4112
4359
2703
9991
4602
9353
5250
9321
8088
1673
6575
4698
9707
1516
4455
7555
2684
540
7603
9016
4148
8642
890
1115
2365
6441
539
4585
8977
91
8846
6249
2195
3286
4000
4664
4593
5238
7092
5044
6975
8188
4774
5799
903
9620
731
7780
9744
3163
7921
1405
3603
8278
3336
6746
3531
6396
5678
7211
1857
8054
3021
9133
9424
1502
9521
1330
8258
4226
4547
5161
4528
9935
123
4322
4456
6503
6919
6921
9253
9482
3832
3886
8147
3190
5905
6865
3246
7619
4775
791
7864
292
2708
5736
9849
4989
2090
610
9981
4433
5776
7536
1542
4687
725
4105
3847
6473
4699
1322
1522
3828
4336
5565
5178
6755
5431
9181
1109
7816
1619
9909
5124
8816
2268
2456
2733
8893
1198
7419
133
1928
8529
290
4805
8010
7138
1556
1698
1105
961
683
6033
5381
8591
4915
1218
3131
7715
583
7131
7811
4454
2177
1711
5793
1121
5083
9583
3685
6655
72
6278
6331
6374
561
3867
5888
4712
5972
4817
9766
176
1460
676
7326
265
6603
6363
6791
2193
6905
1318
4331
174
5802
9485
5665
2406
3428
7499
9022
1960
2649
441
1349
2260
2835
242
7305
4809
794
9716
9783
7703
1629
9216
9720
1201
3956
1795
5577
6354
7465
7815
1477
5999
5511
8595
8978
1187
3653
9979
882
1985
3802
9659
8286
5111
7111
3762
593
8173
8303
8725
1277
1955
8958
2722
3723
2343
2823
981
966
1333
1841
9940
9567
8682
871
8411
1793
7838
1037
2516
8068
8114
3254
7205
3912
2427
275
8370
9124
5000
4218
6971
20
9872
3831
7255
7385
9323
1752
4437
9047
8497
9939
8326
8762
3480
8281
2289
406
1433
3041
2911
5766
8477
9254
848
3172
7849
4503
7283
9930
3605
5276
3149
4740
447
6081
2295
1223
2550
4998
1014
2487
3316
8519
5938
9681
4983
9297
6587
607
2980
6719
9993
2363
3327
6110
1265
9295
5340
1890
5408
5907
2211
9675
375
396
1923
602
1062
8439
9310
6440
2754
3901
9409
4089
2938
8197
1645
3977
8739
6821
8204
9983
1476
4608
196
4869
2955
4992
5818
3863
4506
6064
7347
184
2843
8120
1904
6289
7318
8400
4049
1908
2765
3637
1135
6520
5195
9328
75
1501
9332
7596
1381
8207
207
802
2230
4594
8078
3644
4102
920
5925
4689
930
7540
9350
9157
4867
5271
9242
3416
6621
8392
7302
4918
6539
9921
1604
4351
5118
6077
7014
6471
5737
1283
7785
6268
6880
9769
1246
6457
1329
8336
8629
332
6013
200
3645
9023
2031
8738
2650
7604
757
5130
2414
2619
7965
4382
1325
3072
5642
6404
7844
9049
2992
1336
3504
5147
5070
3296
8079
5228
8639
8750
4667
8845
1776
39
5056
4804
5426
3530
5980
313
3004
6922
7165
8716
9366
9593
1707
2588
4133
4840
8530
2957
5718
8328
9581
3651
6881
3720
2170
2630
6935
4033
916
974
2045
9066
108
1854
4145
7321
7498
5113
3922
5345
6158
8028
6250
6983
9290
9916
4116
4709
7009
4891
2185
8894
6822
5094
5801
4268
5018
8538
972
4887
9436
9399
3247
5567
5822
7300
1536
2790
2434
2800
1141
7791
2003
6459
6950
1183
7451
5452
8880
9183
9944
357
1302
7808
4635
1905
3681
6362
9401
9070
3759
6089
7576
4169
507
4021
4812
9352
4509
8338
5568
6810
1802
4352
5320
6409
8033
6840
1002
4388
7413
7762
8850
1139
3895
9562
2198
8417
5375
8163
8471
7899
9655
589
4768
2945
5398
6583
7920
746
8859
1495
6349
9538
1393
3113
4191
9293
4662
2996
3719
3985
4563
3506
4283
852
650
2785
764
2034
2837
9812
7132
9958
5641
1971
7405
8685
9808
7098
3117
1773
3307
8427
5257
5891
7909
6128
3087
7476
4928
295
1569
2383
3252
1419
4856
4202
3499
3599
6285
5045
2818
6608
8030
1656
6563
9089
426
9362
3961
1026
237
336
3201
8160
5543
8371
9572
3297
6653
9225
2490
5864
2374
4240
7553
7897
8719
9086
735
6467
3363
6698
2784
3217
5674
2556
9691
6246
3788
7379
1018
9527
4378
6187
7775
7701
840
1900
4364
4797
1771
8605
2304
4373
8330
3770
8641
1545
2965
8631
7011
2347
6100
1640
2777
4199
8223
171
2645
1650
3935
5401
5932
9750
3995
2944
6220
6003
7388
6031
1360
740
6412
8552
5479
8718
6086
4974
5177
5225
499
9261
6960
5910
8309
857
817
7493
8543
7728
4879
2223
1888
3534
1053
2482
3896
6137
249
1438
9515
2840
57
9171
8473
542
959
8976
5076
7137
101
2752
1380
2113
7436
2826
5143
327
5813
6594
4156
8027
573
8150
1031
5344
3837
5365
5326
6384
144
1868
7622
2641
215
914
2165
3738
9347
3974
6487
6536
7035
3239
4194
7843
8263
5385
8149
8699
3656
2125
2849
8906
9305
1157
2713
1659
5812
1723
6489
7630
7682
6848
7034
8459
6924
7027
3387
897
4964
7968
3839
6896
1194
703
6510
7218
5656
7597
6748
9427
7193
741
5748
9599
3475
5463
1676
2499
5244
2479
9614
835
3489
6253
7525
6900
2802
6090
1935
2797
9087
9463
6803
1272
9840
4546
9734
1398
8060
4975
9302
9497
2567
4318
9523
4769
7162
4972
845
970
6297
2812
9699
3537
1061
8148
6461
1289
6239
7875
3632
7342
2181
2705
4311
6188
1367
2091
1510
3754
646
6201
2130
8132
291
1583
3934
7880
1160
2273
2320
8170
8202
7341
7407
9532
439
1146
8603
6216
8448
4545
1120
6776
3391
7208
8649
9915
6991
8590
2247
4650
8815
9653
2142
2303
7040
7254
9828
8298
8089
8322
9167
1730
1902
8765
6825
7430
1564
9905
9671
5518
9622
5032
8395
3432
9660
6360
7230
7107
9943
1420
3211
6222
3853
7687
3774
5421
553
7524
3659
7840
9123
5181
1396
1982
4742
9748
544
811
2085
8373
8806
5632
2909
2298
3042
6368
453
8516
1316
6037
8987
6436
278
3474
6272
4502
7894
680
784
9524
2257
1957
8152
9241
9801
6928
1366
2428
3319
821
4517
2032
9992
5598
5358
9092
9145
6395
7618
2172
4262
943
5441
3248
4421
4694
8019
667
9075
8955
2310
2872
9701
5290
5629
6532
3189
6163
6593
6298
8131
77
1055
6946
9673
5072
1850
4854
7527
2541
7975
2576
6538
1946
6708
1111
5515
7753
9638
1323
7571
8791
3288
2719
3609
5563
6014
1485
7140
9267
9829
4777
3816
6933
7658
5068
5116
2474
9484
3046
8343
1874
5026
8034
529
1995
6304
9272
6231
74
6862
2662
7878
9470
8982
5126
5783
3671
3927
7055
8636
6238
6648
4872
8797
1169
3490
7195
7734
3208
4939
3305
199
2445
4519
6833
6449
2881
976
1063
228
1818
4452
8284
8856
2951
8128
5294
9856
2051
6674
7668
6174
6910
8450
5696
8616
5965
1107
1467
8126
9162
9989
1269
982
4973
2237
3154
5846
9710
8857
3164
3595
2267
3821
8138
9585
115
8031
1772
4628
2158
3128
4570
2279
7096
3059
7502
2116
331
8671
390
4195
6155
2222
4438
6145
997
6929
7185
2088
4338
2962
6316
7460
8721
7158
8777
2007
8387
6792
6976
8960
5781
7615
5482
475
1161
9908
4726
6750
177
2373
9774
2861
8814
8904
7542
1948
9798
6855
6959
4026
1654
2614
6794
1807
63
3372
1697
5960
5328
4844
628
2937
5282
8510
9210
1276
3508
5338
5342
5314
5803
2931
6673
7067
1609
1410
4739
4305
1898
7671
7690
8594
846
4730
8351
5856
5912
1956
2123
9383
9698
4646
656
3697
8093
6059
809
2520
2578
3562
9073
932
5208
1281
1274
5503
1125
6714
4315
6507
4350
7085
995
3121
9735
8900
4653
8747
5099
885
4467
7068
2839
3051
2985
3919
2231
9311
799
8662
6938
8786
1809
7170
704
2281
9205
2409
7533
4384
548
3315
758
9449
1196
6796
4056
5379
1751
8488
3958
6407
6103
585
3797
7925
7080
1643
3025
3469
9251
9217
5973
8085
4075
3114
1379
400
1344
9621
2438
7583
6170
3987
7907
1079
3378
6479
1860
1920
7232
9446
3073
5236
5455
178
1509
6741
8285
6807
6112
9202
2097
7721
3920
4457
3386
1126
6819
9106
832
3835
9408
394
4274
6761
937
3984
6390
1557
6468
7901
8390
8865
9415
2283
4377
7831
7680
8748
5133
5037
5663
9595
6093
8565
9213
9390
2344
5869
7330
155
8625
2647
6032
6460
7433
7930
6789
7593
2910
5131
5136
5469
3388
425
4227
8711
6054
6328
9081
1872
2421
3178
4758
1110
3881
4521
7942
8914
9694
9405
8881
9060
55
3245
4368
9913
4807
5270
618
4948
3032
5872
7641
4173
7252
1805
1072
5436
6139
5176
4063
5715
4031
9378
2226
4469
5574
6373
2819
7771
304
5465
5923
399
5536
7356
7625
1248
3158
1790
280
7912
6140
6806
9656
5266
5740
9623
9821
3911
4940
9650
4893
4279
6740
6817
1727
2161
6505
9322
5937
2817
6359
9148
2477
5982
7580
6134
8767
9301
2635
3199
4582
5202
9041
4220
7355
9438
5460
9454
2828
8544
3586
950
3002
907
4158
9727
7684
7296
1371
4468
8701
4349
2593
6314
7508
934
9240
1594
7282
7287
3010
7206
9433
8633
9006
9626
366
1990
8044
277
3476
3443
5841
8571
4062
9258
3541
8356
5609
8020
4886
3923
3622
5171
7551
9971
3003
5457
395
3791
117
1914
5911
3155
5450
5885
163
224
2186
9869
5112
5661
7944
1048
9604
4401
661
2339
3108
4302
1843
6019
9502
3796
1719
9722
4825
5906
1319
2258
9942
9879
2093
9914
967
4505
4435
8230
8696
7660
1211
7402
9040
2905
6642
2563
7699
8541
1164
5372
5383
6689
8527
114
6615
2539
723
1372
1622
7495
2146
5985
2129
9085
2845
1191
3106
6824
5492
6981
8491
9820
9761
2238
358
3057
8092
7804
7187
7490
2484
4544
8233
3226
4656
7500
5123
7251
807
7059
899
139
4258
3430
5292
8106
4301
1008
5279
9270
5899
7860
2916
6448
6727
9857
6433
1411
8110
708
4745
8205
2036
4729
9161
823
4193
3989
9950
272
1943
6509
910
4814
506
4746
2196
3585
9768
8799
706
1692
8107
5963
87
6108
4857
5019
6162
2772
4643
6173
2436
1806
516
8465
3677
4781
6917
2531
9074
2831
3686
4152
3229
8796
9847
5966
5691
2860
7757
1162
8751
9220
9513
900
2074
2758
4131
8449
1827
512
3613
8288
9555
7982
3380
4448
530
5530
8127
5374
7188
7870
2384
2870
8849
7916
7518
4332
3939
2166
2589
3933
8257
3280
1653
7923
9533
9042
9881
8436
3031
6982
7700
8211
1143
5608
2742
8193
4330
1621
1848
1666
8788
6091
7019
2886
4701
2607
2514
3231
4088
7133
7545
9027
5698
7000
8928
1077
4446
5534
3617
9291
9298
367
1972
6769
889
5719
8264
5708
1796
2067
2598
8839
3592
5284
4082
7050
391
6601
1071
1607
1812
6258
236
5043
5386
8618
4843
5234
6912
1736
2040
9065
3123
6997
8198
312
3660
4115
7220
2291
7990
2796
6290
7079
7798
8252
2381
3751
4642
5519
1177
2617
9683
1275
1041
9252
2018
6474
9852
1424
9647
5601
2023
8910
9346
80
3326
3206
5743
7456
9190
8291
8365
3101
6683
7214
2370
3510
3600
5994
8454
3715
5017
664
3975
4215
4725
3345
3717
5655
3971
181
202
1268
5246
6426
3860
8902
7483
8837
2648
3337
1586
3063
3015
3501
2761
3619
8782
9957
558
3519
4996
4051
4221
7720
4143
220
5584
3998
4866
1242
9594
3871
4340
3887
5335
3027
6552
7365
8936
4284
2698
3731
4630
154
2259
8628
4389
2991
9928
5861
6195
3065
8951
9487
3615
7599
1255
2658
2507
8329
9552
9738
4719
1499
1674
5086
2301
9194
9845
8256
5939
8097
3216
3200
7792
3862
4071
6348
6732
5586
8809
2552
3588
3446
3420
4513
3263
2338
6029
307
9300
3220
5716
2460
8943
734
6584
8116
3843
8919
648
8290
3094
9329
6524
9557
891
1750
2610
2526
3384
223
2693
7741
8225
4259
4134
6710
3400
3812
1494
7155
1081
6161
1385
2270
3795
8139
1739
8320
4651
173
6437
4061
8869
9141
7567
3069
9749
5334
5650
7523
9628
7888
4045
3965
7506
6458
2394
7295
8483
9365
9188
6008
8611
555
9955
9787
4113
8429
5487
6857
1599
2138
4119
7012
9782
9822
1427
6597
7015
3332
7333
8653
2139
6595
7869
5562
8294
9826
3938
4846
1346
7262
7566
7861
7633
7382
9528
1520
6829
5780
3447
4092
6114
8518
3126
5700
7689
9182
410
1084
6610
8359
718
9259
9637
1919
3223
8949
2294
5150
9834
1434
4800
6497
6240
9728
4997
1561
146
7842
2190
4778
8757
1030
5957
9732
877
2340
9020
7393
7445
201
1754
6995
1781
5097
5142
8587
9380
1550
4179
7109
7862
8269
4269
5247
682
4459
1352
6271
9451
2380
8704
2756
7049
5990
9388
6252
8418
1382
2422
549
4580
4792
8610
4076
3431
9128
9686
2697
8632
9197
2913
5662
5687
4200
7087
8156
7589
7740
4853
9678
7043
7432
9729
9764
7210
2866
6341
7120
1131
2042
4660
2010
714
3438
4170
1465
6814
556
4444
2906
2282
3306
3722
4445
4288
5613
6622
3261
5073
8848
3161
4229
7550
7353
8476
328
4966
7938
5146
5909
1512
6704
8219
2360
2882
4871
8508
4481
6181
3110
3868
142
7497
4723
5349
7853
4432
8237
6464
6930
8344
7552
5494
5504
6378
4480
6477
8495
8929
9536
3082
6292
8931
4932
779
1720
6429
1677
6042
8598
4465
7479
5693
3932
4708
9945
5767
9917
4905
1426
5859
6756
1150
1939
4527
5619
6264
2435
8585
9500
7418
1799
7357
7980
9674
7041
8707
6288
4875
874
5082
5258
9036
923
8892
978
1844
7504
353
8255
7783
2517
3910
4380
6076
204
1887
7557
428
5634
9156
5796
257
4037
7677
149
2814
8771
9739
188
1911
1440
4498
1088
2494
760
2577
1702
3487
8277
838
5008
8836
4495
2469
3105
651
7444
8232
9163
8082
159
5100
8758
8003
2928
3007
9375
5764
509
3641
3331
321
8388
7737
8697
417
2104
4489
1039
677
4922
1927
2354
9586
3495
1271
4209
7516
3183
6391
4296
7624
6035
3851
6434
8678
717
1836
2081
6521
1067
1261
3533
921
4904
5805
6067
4622
8901
13
2466
3312
6777
1579
2413
3636
9155
776
3555
4168
4500
834
2043
9363
541
3752
4711
4363
6937
6913
5467
6914
7590
7723
7964
5001
5395
6985
3234
7354
2239
1637
5675
2475
2535
4461
7350
8425
273
1347
1152
6450
8684
6856
6951
4621
1815
5021
6529
5353
9125
4122
9663
6602
8265
1186
2350
2481
243
5904
6282
5898
6580
5903
9245
4121
5746
342
1221
2066
4176
5897
6197
1446
6852
2443
4878
579
1215
6703
9842
5916
463
1192
862
7144
4366
9495
1587
8492
165
9817
493
3877
5180
7908
3748
8657
8398
4558
4016
6365
99
4471
7128
6425
2199
5660
6927
7702
3143
9432
884
6087
9726
1639
8307
4492
6909
924
378
1551
2690
3048
3810
4713
7669
4685
6030
5539
754
3706
5790
770
8974
3591
5759
7437
9038
1225
1528
4325
8724
1755
1994
5009
520
1839
8957
2378
9897
859
7906
5754
246
1944
6589
5084
7839
4705
6416
1626
9564
4256
138
8055
1782
5745
5038
6317
8622
2846
4835
7681
5798
98
2723
9708
4890
369
4813
9741
2433
5639
5741
7945
8768
8561
4157
5900
4475
3485
9860
6633
5631
5388
2449
5875
2799
9544
1859
7743
2689
4759
5866
180
6273
128
9448
1563
5934
412
8536
2875
1369
7679
7186
6516
755
1025
1705
977
2387
4099
3209
2986
6088
9880
905
8907
7309
8854
5573
6605
6868
7093
8383
7520
9307
9965
9968
8954
6221
2248
5087
9974
4645
455
4754
1390
5024
7268
9450
5538
6097
4603
979
3092
5738
8853
7874
2580
9341
7100
6236
8948
1425
9196
5323
3151
7528
3775
5362
7724
2841
3940
9389
299
9558
525
5614
5036
5955
6038
36
5415
7412
2124
1089
3902
7662
2570
2974
8478
5004
3680
8145
9461
6969
3285
5523
7922
7996
7108
33
1251
1933
289
4874
2791
2608
3492
5400
7948
1016
1682
5611
8785
276
3954
8753
4920
263
2652
4291
1298
4337
8813
4163
5002
8432
5810
9830
385
1104
9381
4280
3949
1490
3800
5302
8922
6907
5591
7057
1630
4426
7509
7310
1529
9662
6730
7146
7777
179
3277
4008
5535
49
1932
3734
8772
9837
2251
6472
7895
6765
8200
2004
4858
4863
6082
9234
1208
2565
3840
2454
2530
7480
7889
8609
7900
836
9230
66
372
6309
2506
7151
826
6549
5697
4394
5592
873
6311
7928
1051
4965
2287
5498
2816
7670
4896
1938
7457
8737
9868
732
4405
6619
8022
4780
1017
266
2353
6351
6540
8624
8566
5262
2706
5025
7475
9582
906
4052
7209
4799
303
4201
7544
7621
2235
4765
7683
4025
7722
8776
30
3185
4986
8730
7425
2727
2746
9360
8217
374
2072
5186
8129
2371
4762
2311
6883
1613
7752
1395
9422
7352
1991
4977
7711
2775
3407
1222
267
5368
843
3511
9033
6210
5918
5944
189
4346
5772
1019
3361
7587
7859
373
2220
5139
2348
853
3054
8601
5961
8798
748
9648
9475
594
3304
3740
3943
4386
9136
2401
567
3944
6343
454
582
3880
5259
8414
3255
9247
8714
9104
5771
5987
3827
4764
7063
7986
8463
2851
4449
9208
806
819
1300
9061
5849
5747
1401
3875
11
8577
8613
4162
9714
5755
505
911
4303
8824
743
2792
3546
619
3122
3140
7765
2143
825
1099
9464
9990
5517
2590
7487
1362
3152
7790
810
3581
3612
9843
879
2682
4927
5744
6101
9963
4600
8710
6613
597
7440
2419
9773
3951
2613
5590
2873
3638
387
2728
5277
9873
1651
3160
1832
7515
9118
6078
2729
3441
1312
2175
7157
568
2013
5157
3269
4641
3265
4257
3970
1207
7083
7025
8576
9014
6841
2936
7312
6895
9452
4001
2407
4109
4174
9126
3397
7368
3352
7519
6553
9146
8016
8379
5948
7259
7539
6596
7323
5599
3594
7605
5411
4371
4488
5295
6884
8169
1487
9460
4294
430
2764
8366
9603
9273
2234
8069
2131
9796
2971
3359
7782
713
7277
4573
5555
1508
6686
84
6837
21
7428
311
2191
7182
9704
6338
9932
3900
2326
8066
9294
515
297
4924
9862
5079
5976
8810
445
8833
3020
4205
6043
1436
3142
8734
4328
7893
7958
4674
3639
9115
1611
7666
797
5164
1792
5882
3498
259
279
2803
438
6320
7637
5950
8348
344
5308
9592
7926
5223
5819
3462
4149
2900
3278
5836
8672
2725
6259
1486
2448
1759
2540
4908
7949
4020
2244
7759
9625
9779
2678
3287
7532
9308
340
2676
8989
7398
3973
6393
1479
3279
6809
6470
7423
5975
6230
1712
3815
1343
190
894
151
2582
9274
7993
214
6519
160
9941
707
7959
2789
3157
6591
6646
9166
5604
9591
5458
4555
8342
3398
5630
6828
9467
2150
5544
8890
7288
8897
1593
9584
2206
5351
801
2333
4146
6945
8037
1236
3364
8469
2014
10000
9731
1794
9468
4276
4838
6248
8524
3370
1342
9080
3088
7570
156
7708
9200
9334
52
7127
361
7313
8504
8184
7422
1
1113
2200
5433
6763
9478
4314
5513
9899
1138
8355
1842
6276
9756
2430
3515
170
5753
7455
8006
3787
3173
7322
3890
7814
1288
7443
5078
2417
5489
777
781
2511
6530
672
2915
2098
2429
2808
7299
1475
6735
8196
3824
5478
8899
5954
6263
1313
1816
9
1625
8332
4114
1847
7071
3061
2601
1572
7726
1893
2315
5704
1050
2372
1592
4707
5151
1373
599
2318
3576
7885
4681
4859
1094
7494
1441
3529
6773
7904
2102
2770
8794
448
6781
6034
1901
5690
222
787
6984
8778
9864
7876
3392
4557
1891
4312
7448
1746
989
4213
4755
6098
9794
1066
7123
262
5040
175
751
5997
4942
2008
8677
1365
1505
6261
7135
5848
3058
5153
2793
7401
3942
4017
4542
5917
6066
4993
7125
8318
8940
3666
1070
1993
5873
6325
6712
6303
8715
9736
6908
2174
3012
3342
3809
5190
9407
474
4058
1093
9818
9077
3983
5483
9522
681
5198
728
3230
569
5187
1820
4852
584
3730
7337
4744
554
4374
6787
7226
8933
9789
4529
3053
5166
7384
8515
2155
2611
5159
8246
1952
1603
1740
4741
8559
3772
8061
9279
4766
6827
3291
8389
1287
3488
15
8617
8712
9005
9292
5612
6667
457
2602
294
904
1469
6051
9361
2821
3276
4289
3454
8621
3950
5983
6631
2021
1444
8415
3414
933
6456
8323
134
8098
7264
497
7006
9174
9587
895
2919
4789
1375
2277
5327
1559
5645
9058
462
1950
4923
8412
9573
7917
5528
1824
4753
6954
813
9324
8551
6609
2204
9696
157
5205
4474
260
9170
4728
5016
3849
8101
9960
6554
4954
6127
745
8570
6047
5758
1364
8582
1117
4649
3043
9542
255
70
3382
2404
9765
3202
4572
1558
7054
1728
1840
6771
6836
8503
1764
7217
9068
7280
8319
1655
4430
5473
829
3648
9904
6133
7293
9105
5686
9751
632
5701
8604
9697
3550
6266
8514
7265
6816
7918
1232
9312
9224
3556
1046
5626
7327
8183
482
338
5274
9024
6346
1264
210
3693
6739
4108
2424
5192
5533
8430
3897
7452
3545
7913
753
8652
3941
6898
7001
9119
2653
6109
6571
7939
6157
334
2107
8860
6131
4830
5877
1866
5605
1259
8091
8944
1638
5343
5616
9246
349
8875
5970
9113
1064
9975
3144
5499
2137
2591
4395
942
3409
4609
8755
5041
2646
6697
9786
566
8317
6542
5138
5148
1140
4490
3589
4607
2332
7717
118
7962
2668
3564
902
6480
9447
1749
465
3584
6611
6523
2657
3338
5235
9910
9385
9867
5162
6485
2718
1142
3842
616
3425
4477
1006
2070
4355
8409
8761
2005
9667
1124
9597
8045
9978
3883
6179
9439
2214
663
2284
1180
7718
3579
858
7386
7664
5794
3601
8292
3846
8123
261
2844
6148
6483
7592
5855
8481
8346
2680
5947
6104
1108
4784
8886
4224
5102
8644
9131
4823
5371
6121
1756
4295
456
7481
1708
7088
7248
866
9632
5643
9431
3301
383
6381
6506
8688
1311
6729
4810
4790
8261
1284
194
2532
4293
7796
2779
3982
8484
1660
4254
346
5602
1286
3182
8166
382
3321
6625
1386
4357
8998
9349
9179
5547
3959
6811
9111
987
3806
2141
7575
8804
4053
8038
2364
622
5582
5941
5551
5817
3038
6784
9619
4648
8735
9471
9525
9553
935
8573
8468
4344
7991
2497
3544
1658
5931
6370
484
6385
7602
699
4493
8420
414
2209
5749
7173
9815
7124
4839
5447
4683
2060
705
1983
5265
2105
6447
7272
6770
6567
2325
3713
6680
4901
6146
9299
4479
5814
2027
5850
8369
3240
4135
8991
3616
2847
9102
8472
7896
82
3611
8842
4860
5606
6970
5695
9804
478
4013
7020
3464
1491
7639
2133
9570
946
9288
641
988
2368
6439
3139
8620
9417
1617
5418
7168
7879
1584
8321
1166
1737
9256
440
3673
8966
14
3096
1029
7369
2867
1833
7836
1951
565
6106
697
4652
7463
1616
6737
7653
7261
623
5427
8864
9477
8855
2569
9598
2041
2439
8048
182
2386
337
1363
3273
8302
1092
7950
7196
1074
1282
6993
9850
962
3005
552
5172
5356
3654
696
6820
3098
7200
8675
6752
1188
8275
3904
3293
8245
8918
1696
1988
4410
4379
6838
2968
8664
4987
1670
5635
8214
8299
3753
1415
3132
9509
1488
8496
88
3721
4064
9624
9221
3097
3466
2153
9876
973
5378
1706
5666
865
8475
7574
2059
4617
8913
883
1406
1435
2092
4009
7408
6302
6877
2810
5006
9883
2586
3629
183
8963
726
1753
4659
4443
4743
7331
5105
7139
1869
4548
5926
7315
2874
8939
9159
2600
581
1757
9275
1260
3502
3590
5510
8825
8431
3789
7032
918
3006
9186
4361
8702
8056
6799
9922
6676
4833
2491
8534
3344
980
7442
9195
6734
8686
286
4030
5298
7469
8909
7207
1001
2156
5305
7868
7275
8626
3703
7585
4407
5438
7634
7244
1233
6422
7078
8663
2128
4882
4004
2261
5699
6319
1291
5480
673
1005
326
1766
3204
1376
1075
6151
1562
6643
4150
5628
7491
5968
2495
4605
7903
5066
6475
3873
1760
6308
6481
8452
3203
4749
4957
3803
6588
2554
3776
5554
8440
6607
5671
5760
6944
9907
7344
3517
3657
4313
4107
4953
6818
8896
9135
9434
2210
4166
9229
4132
9280
3267
1335
2702
1687
4320
6156
6760
6783
1350
1514
1633
3175
1981
7339
7709
7512
3349
7141
6324
6001
9114
9889
7420
2086
3308
7834
9721
1734
5502
5974
76
1717
3908
3294
5971
7979
8368
2447
9781
2163
3652
8728
1775
2082
5821
6651
408
7820
3084
6315
9788
1968
3575
5137
6782
626
1624
5085
8403
1112
2276
2857
6400
9590
9540
6637
4576
2947
4877
8077
1294
3422
1973
1083
2663
5729
560
3786
5449
193
7090
2683
2252
4387
2115
4239
953
6025
104
8059
6171
8840
4285
639
993
3170
9139
8377
9008
2523
3608
9855
1299
9393
4141
4264
3964
5165
5384
5496
9140
1431
1332
5942
6707
351
4006
5160
7514
5585
2118
747
8067
8942
4962
4510
9831
1967
7390
4323
9629
999
4624
4788
8306
1602
2337
3292
3478
7328
6414
9767
6061
4214
5309
198
1748
4691
3872
9503
2496
4727
1263
8965
1591
4795
5341
5915
9923
7696
486
5317
3039
8646
4192
7756
9030
3169
9972
7657
3836
254
8970
3830
7914
106
5792
8404
5529
7865
4734
6072
7017
1882
2827
2245
2891
6801
235
4210
8191
8867
1314
5540
4979
6237
4910
1054
6699
7051
3198
8911
1295
913
611
5117
9051
5089
4847
8507
6074
6772
7750
3607
7286
4595
6219
2660
517
912
172
833
4926
3282
2106
7364
4949
6661
3684
8658
2836
2039
6743
8090
1555
3181
3343
5815
941
8545
8830
489
7941
3452
3479
6379
3050
1535
8489
3238
5052
9209
7324
4348
808
7794
4418
5895
925
8581
8932
9110
3074
5061
6198
2736
8072
8100
9496
6612
3310
3606
5428
660
9589
4155
1309
8105
1206
7773
928
2738
6600
3426
5064
7077
7472
9530
2055
1015
2691
3146
3500
4234
5289
5429
8695
6092
9458
8159
614
4003
9986
6045
9695
460
8569
1642
1453
4175
4934
2681
7346
7348
6604
7739
6462
1409
4436
7738
6961
9430
9811
2290
2551
5240
3518
3749
8726
625
6164
968
8512
6071
4895
217
6011
8938
901
3647
9147
1906
2232
2089
9999
1128
7174
7799
2236
5355
4124
1230
9218
6080
6902
6406
8546
3075
4640
2990
3884
6942
4111
6678
2313
5278
1324
2305
3299
8049
4816
5063
1449
3078
4110
9863
73
4515
6684
283
1200
1047
4827
9465
6556
8376
3854
9257
1961
38
1810
3915
9391
4182
1864
5884
3224
9841
2605
5439
7238
206
4613
1910
3377
5989
5689
9690
8694
5506
5851
2811
6265
2321
8562
4290
6850
6846
252
3093
6726
6744
2385
6561
9578
1301
1986
4415
7150
1148
7554
6371
2892
4538
1227
6442
4697
6084
5158
7714
1338
2584
4693
2056
8073
6211
3135
7450
3664
1549
5681
9215
3196
9946
6886
4834
6345
2452
5572
1204
3219
5956
1165
1106
2972
7951
909
5791
1837
120
4671
7373
2829
6107
9142
1770
3460
1733
5167
1101
5807
6866
9559
2679
4658
1455
2016
6172
354
35
3563
1934
8001
6617
3953
4238
9018
3435
1652
8334
6225
2895
863
2616
3825
4592
8104
1574
1925
3111
2127
4440
2953
3729
8259
767
6488
1615
5636
348
3328
9491
2049
4370
9483
2242
1695
1846
7501
9740
381
5893
4801
7421
9775
85
3891
3335
4118
9473
4865
6046
3669
5339
1570
5680
8229
1641
4909
5711
29
3195
3166
4144
5350
6482
9437
7351
4626
3708
721
5218
1524
6581
9646
7099
9076
576
5437
5659
1087
3785
7882
3521
3907
521
3017
2878
3683
4537
7403
3047
5387
3728
5307
8873
3205
3404
6167
1885
3870
2579
1970
6411
9371
1936
8047
79
3411
4023
8831
8057
1315
4786
5107
8666
6656
9289
8580
8407
2542
5071
3274
8133
8862
1767
5382
1721
4931
1895
8903
4251
424
3625
8385
4980
6476
5410
2787
8630
4803
6543
5951
851
187
7184
7284
4752
2642
5269
250
4808
8956
2176
9511
1714
4326
477
4137
388
2068
8136
8647
1328
5707
870
3705
7095
2533
65
1978
4188
6843
3962
7458
7822
9316
9760
2956
3147
5775
6129
9900
166
1090
2288
9425
670
3318
8602
4785
7595
2111
9010
9693
6191
2627
5727
5890
4884
1511
9964
1004
7183
370
769
5369
5516
886
7648
7320
547
4963
9844
2677
325
4849
216
2568
5878
1912
4716
3767
4702
452
3275
4881
850
2731
9633
3929
1450
2794
3698
8070
1202
7246
8394
6681
9206
232
8732
3993
6244
9317
1249
3070
4482
8419
4615
6336
3869
6839
8457
4043
8076
8239
2362
3262
9255
5275
7830
1942
6759
7694
6452
2500
5868
4151
9642
6028
4779
3838
8386
7169
685
8986
2587
4298
5047
546
1129
1210
6300
7943
3707
7145
4185
9441
5497
8683
9121
6780
3865
7089
5669
6152
1127
2286
6999
1715
2983
5446
6200
1462
7363
8186
7389
9342
1432
2218
7121
6287
1778
9836
6545
4252
8260
550
9535
2529
7748
4077
9059
9966
2798
6572
9084
7149
6702
8921
1226
7056
1884
9680
6327
2367
1876
5232
2629
9547
3769
8912
2272
3348
1024
2312
2978
9108
9669
2574
7395
7148
6062
4968
4422
5721
5988
9814
2921
2954
7366
5333
9884
2462
6408
2768
9493
9898
3848
4959
7167
392
3434
8668
6053
4971
9435
3573
3289
5311
6392
7072
7325
6753
9771
7778
8095
7730
9635
1049
3085
3963
3119
1684
434
3456
8161
3300
3330
5140
2750
8926
62
8885
8446
6701
4829
8557
5731
9480
5321
7513
1102
4568
6679
8841
9150
5409
5422
7029
7212
7243
459
3159
8709
9560
186
1945
2730
3283
3362
5055
631
1011
6943
7538
2564
2717
6514
9134
2079
8878
2562
9392
1953
8774
6333
7178
7931
5204
1176
6815
5828
5020
6547
7199
1803
2420
3761
7380
8962
5739
7972
2853
335
3417
8693
1851
7507
8461
701
5933
3333
8779
8679
109
3371
2080
5883
6446
1997
3572
7278
1768
5589
8018
8861
4050
5580
2842
5039
4397
9410
2432
3459
5096
3244
4272
9416
1713
6885
2308
6339
9627
733
6721
9044
5896
4944
7558
8996
1417
5088
6564
7234
4287
6834
2735
4556
8554
435
1552
2151
7253
8125
3841
8270
1690
6645
7745
5621
5058
2883
274
2628
5770
1136
5315
3991
503
604
1861
6647
5857
1193
9824
1998
7496
8305
3658
6700
6668
9204
4767
6299
8470
8706
5782
9180
2675
3019
5114
2405
8575
7317
4820
8801
3141
3794
3640
9107
112
4189
9091
8535
9938
9116
5854
50
3192
4828
2382
6214
6745
9838
3844
4491
8201
1686
1940
4632
9418
1118
6638
1023
6722
1855
9002
8832
1035
3107
7978
8823
7846
1922
7973
9982
371
4955
9395
5380
6199
494
4304
230
6138
7787
612
2152
2547
3898
4042
9565
60
432
3357
8345
6844
7074
4117
352
4710
4428
4507
6920
7581
6217
1635
4299
5713
3630
7274
8763
1392
3747
6329
9742
9953
6709
496
7375
7636
2518
6493
4750
6424
8247
2388
4160
5867
386
9423
4036
7474
7960
1631
2950
8213
9561
4126
8017
6401
6531
7761
7977
4943
7582
2997
4369
8784
1353
2309
7304
7314
7781
9406
6903
983
1220
5366
9032
4286
4672
1123
3614
1700
1838
8071
3512
6431
994
4855
7343
9517
804
1649
3852
6232
4669
231
3162
3689
9185
4925
613
8564
268
724
7818
7383
8834
1722
5788
3790
2425
500
8988
8108
6813
233
6294
9009
9271
7691
3302
9285
8740
9265
4470
5640
6675
8035
915
110
1407
3385
1155
2053
3423
8208
1560
7827
3355
3732
8242
3702
6332
2395
1458
1525
6980
3241
3389
5725
6762
952
54
1539
4679
5310
1377
5481
9490
5191
8983
2317
6215
2755
2975
2044
5839
8276
2637
3712
7417
9266
6270
3197
3413
9743
4938
3049
9835
2498
5552
8094
287
1533
6355
9506
9687
1091
1430
393
690
2120
5929
5978
9602
40
6190
8908
2644
6185
5239
5541
5367
931
6861
837
1228
4562
5103
6894
2930
644
3068
8843
145
9664
7179
2868
3820
4620
8402
9823
1867
3699
5456
7026
1134
6663
5654
6105
3168
6590
1636
7294
8852
8795
9703
9926
195
2973
5683
4333
2776
5237
6166
9980
1119
3237
4756
9854
7397
288
2376
6941
8916
7712
4019
9319
6149
7601
3091
6486
7786
7152
8353
2664
8811
3857
6194
4458
225
1608
1870
282
9264
2135
8466
8780
4417
3056
1098
922
1132
3745
5908
6068
1830
7004
3784
5475
824
5623
5995
6451
2654
9763
3167
8792
3633
4319
5080
8500
8235
1045
6522
5943
7235
7881
694
2171
6189
8915
3968
3662
4714
6466
7136
7250
7807
684
3918
580
1429
8443
2011
2126
9462
2917
6150
6990
8075
8648
2197
4404
239
7729
9888
2543
8498
1068
4947
6832
213
860
1158
4211
9554
2488
1731
5053
9501
5357
4255
5603
4868
5057
6005
6858
5501
3735
8967
5069
4564
6566
9398
9610
4250
984
5646
1317
94
6716
9284
7435
285
8295
121
3750
6754
5115
6142
7934
203
2734
4079
3539
2255
2960
4358
2504
8540
8212
9996
9099
1219
1980
7623
9132
3688
4069
9498
2715
5806
46
6394
5618
2612
1788
2342
9315
9962
3710
7845
3445
6399
8310
1273
22
5027
621
8023
9130
9919
67
4574
6526
7821
2709
4282
7747
2597
2958
4278
5495
4367
7789
4677
856
3008
8325
4002
1578
7563
6574
7489
689
8453
185
1774
1280
5013
3186
8787
5361
3711
6669
1144
3401
5571
9472
2502
1021
3390
2017
9386
8599
4057
7119
9238
5638
654
5921
8883
9937
9169
3678
6949
8953
4317
9101
998
5627
8502
4172
1765
2503
8036
2144
5594
4365
9489
2553
2935
1800
9790
4018
9911
5461
9546
8670
1883
8826
9335
9531
9977
2182
4494
3055
7823
1190
5824
6800
8231
1439
4066
1661
1033
763
5751
5399
6987
2871
2307
5901
9309
3737
4530
818
7461
9929
6555
630
5843
3040
3358
8874
7118
1537
7526
5128
6094
1235
8945
9896
4270
3646
3437
135
2022
3089
7569
3243
3538
444
8367
3925
2778
5267
7415
8042
6544
2029
4567
839
1930
7911
917
8050
8253
4236
5512
8972
7241
1548
4512
1519
4569
5692
929
466
5091
5658
8364
8572
6565
7685
9717
812
7992
9967
