Sample 1:

5 
1 2 3 4 -3 -2 -3 3 1 2 2 1 -4 6 -4 -1 3 2 1 3 2 1 -3 2 3

The Max is 22

================================================================

Sample 2:

10 
-20 -9 -48 13 -32 -7 -35 -28 -25 15 -46 -11 45 -17 43 -15 7 -24 -34 0 11 -7 -13 12 38 37 0 49 -12 -49 42 -11 -4 10 28 -45 -11 38 47 -45 -37 36 28 -31 -8 1 -48 0 3 -32 29 4 -22 -38 -28 -45 22 -42 -4 45 -33 -18 -24 -49 -44 1 -15 -10 19 -30 -28 22 31 -13 28 5 -41 -42 -20 40 35 -21 -18 8 4 17 8 19 -41 16 28 40 -45 -49 0 17 10 14 0 13

The Max is 209

=================================================================

Sample 3:

30
-34 -45 21 -45 -20 -13 34 30 16 -20 -11 5 -41 22 -7 -23 -44 -12 33 -33 39 33 -34 -11 -48 3 26 36 39 -43 1 2 47 -4 -42 14 43 -20 -21 45 -9 33 -38 -11 7 -6 46 4 -21 0 24 -29 -8 -18 4 36 0 35 -3 33 27 41 -20 -37 11 18 -40 22 -29 -26 24 -12 8 22 44 5 -41 -8 -10 30 -35 -22 -15 39 46 37 7 -4 1 -15 0 9 30 0 22 46 -16 -47 -27 -22 34 18 -21 -15 47 10 -37 -45 -17 -40 2 8 4 31 -17 35 6 -18 -47 -28 34 3 16 43 28 -14 8 20 -12 16 -8 48 -10 14 -19 -28 45 19 -36 27 7 20 -30 45 -38 31 -6 -6 8 -15 22 44 -13 21 0 -46 6 -11 -35 2 -43 38 22 7 -6 23 19 -40 -41 33 40 -38 34 -17 38 0 34 -22 27 -21 24 -32 0 -11 -10 -27 -29 0 9 44 -16 30 19 42 9 23 -7 -41 -4 39 -45 46 34 -35 31 16 -20 44 -2 -17 18 0 -18 48 38 33 22 10 -36 -16 39 48 -21 -3 -29 0 -47 42 -14 48 -22 33 -22 -17 -37 25 2 49 -31 22 -16 -20 8 3 -37 39 -39 16 -46 18 -5 -19 17 -32 28 -41 -13 -11 17 15 38 40 -34 -43 26 39 -26 34 -26 -28 21 40 -42 19 48 49 9 -15 -7 -28 30 48 47 37 -48 7 2 -32 14 -4 0 -3 -25 16 37 10 -41 -20 -21 9 -42 -30 35 -39 -12 0 13 31 -39 9 3 -28 23 3 -14 0 -10 -7 37 36 -15 -18 21 -36 -40 36 -44 28 39 -46 -8 46 -9 -28 -47 -20 -7 -22 -45 -2 24 0 -14 47 0 37 3 6 37 15 31 31 -44 -24 25 -44 44 17 -22 -7 -41 45 -28 -36 47 -17 18 25 8 12 0 27 21 -13 45 -18 28 31 42 -49 42 -19 -38 43 -9 6 0 29 11 -7 37 -49 36 -1 10 -9 -21 -3 11 23 38 -11 -20 -13 10 45 14 -6 -32 5 -6 33 10 -26 -5 -2 17 -23 3 12 16 30 24 38 27 48 -15 -27 37 -13 32 19 -49 2 -31 0 -13 -36 10 -16 36 -14 -20 -7 48 46 38 49 -43 16 -49 26 33 -34 -21 -28 -41 -7 37 36 -19 42 -27 11 -36 -36 -30 38 -28 -30 -20 -29 34 -30 -48 5 -9 -6 -47 -35 -49 29 27 49 1 -49 -26 -10 -42 30 46 -40 31 28 -30 29 -16 -13 -47 7 -30 -23 47 -43 10 -7 0 -31 42 10 28 -48 -36 46 40 23 34 -34 -25 -35 17 -45 0 -3 1 -47 29 -6 -22 15 -36 42 44 -29 -13 9 18 -31 -19 13 -10 33 -18 32 32 25 -17 7 -4 -23 35 14 29 19 23 -17 15 34 16 -40 10 19 39 -15 0 49 22 2 -26 -38 12 -41 -23 -47 -37 38 -33 26 5 -5 3 7 -31 -30 27 9 -40 48 30 6 11 -23 -25 -17 20 42 -5 -40 -4 -35 -34 17 -41 -2 2 40 -31 34 37 -26 23 -21 10 -13 30 -40 -3 -49 38 3 -46 -7 49 7 2 -46 -32 38 -18 16 -1 -29 -26 -32 46 16 23 27 -6 -34 18 -12 -1 44 33 -28 47 1 -36 20 -9 45 -16 39 -16 16 4 -46 47 -40 4 40 -23 12 41 27 6 -6 -18 43 44 14 35 -12 -6 34 -37 11 32 -45 40 49 38 2 -39 34 26 21 -1 5 -41 -22 10 -18 45 -22 37 -7 38 44 4 17 33 20 6 -7 -15 -27 49 -20 25 16 12 -6 0 -15 10 0 3 11 -18 -27 19 -35 -44 48 -23 46 47 -2 -47 -18 -14 20 -17 6 21 -1 -43 48 -34 -11 44 -30 -34 -7 -1 -35 -34 23 -16 45 37 -24 14 16 -43 -33 -23 47 17 -46 29 -47 -44 25 3 -40 35 44 45 -1 22 49 29 36 25 -24 11 -7 49 12 16 -23 1 -2 3 16 -6 35 48 15 48 32 32 31 -32 -5 -22 -14 -26 -34 -31 17 16 34 33 -15 -7 -49 -13 -31 -38 1 12 -27 -12 -19 -2 -23 49 -15 10 3 -39 -6 37 1 -4 -27 -37 6 22 -34 20 -21 12 -6 49 48 -31 -28 -8 -1 47 40 -12 49 28 12 29 45 40 -31 -41 -14 -36 -48 33 -47 41 26 -22 7 39 -6 38 -9 28 -31 -13 39 43 0 -37 -14 32 44 30 -45 25 -10 -37 -33 2 28 43 15 36 46 24 -43 -7 6 -12 -18 -20 22 37 16

The Max is 2191

=================================================================

Sample 4:

50

32 42 29 -35 -26 -7 -32 -41 -9 -26 48 13 40 28 4 -2 -34 -22 -6 -45 27 -22 35 -17 -28 41 -13 5 48 -41 15 8 27 0 -47 -26 29 -32 36 -42 5 -32 -7 -3 -30 -29 33 -40 -47 15 15 39 -22 -26 24 -10 -19 37 -19 41 2 0 4 13 44 44 7 7 15 -9 -44 19 -21 -24 8 -37 -14 -17 17 -39 22 18 -37 -12 14 -15 34 45 -9 -42 12 45 20 45 -49 -16 43 -12 -49 38 38 29 -24 35 42 -49 -5 -49 17 -39 -33 49 16 28 -34 28 -5 -42 -30 -31 -18 49 31 -12 20 8 -44 47 39 -38 14 23 -28 -10 -39 25 -7 31 33 29 0 -1 39 -20 -1 -9 -10 32 37 -27 -26 27 20 -20 31 -15 0 -13 -21 -46 -21 36 -48 -10 9 7 -4 -18 -16 -25 13 45 -42 -27 -37 31 -18 19 1 -12 -34 35 13 34 5 -25 -35 -18 -47 1 10 42 -13 3 0 10 10 -42 10 -6 -36 36 -2 -43 11 14 -44 30 -14 0 17 -28 -16 -21 -14 7 7 37 -11 -49 -48 -47 2 26 -32 -29 14 5 -11 17 -18 -9 1 25 31 -38 36 -46 -29 26 31 -31 
-14 42 38 -15 0 31 4 43 -5 37 -17 -33 -33 27 -18 28 33 13 37 2 41 -47 17 -23 32 29 23 24 -19 43 18 15 18 17 14 38 21 34 -17 -25 -17 18 -18 26 11 41 -29 -48 41 -47 16 -40 -42 -14 -31 34 40 -10 32 38 -26 -25 30 4 40 -10 -42 4 -40 15 49 -48 23 -22 -17 -7 -23 -37 -45 -31 -7 -18 13 -19 12 46 1 -43 -43 30 39 -40 13 32 16 41 -3 45 47 12 -13 -14 -6 -31 -7 5 -47 44 -26 -26 -34 -14 46 37 -45 -6 36 17 -37 -29 39 41 -12 -14 37 -15 -46 32 8 0 16 -5 -24 18 10 -37 -30 40 -16 34 -24 21 -8 -19 13 40 10 -31 -47 -13 -35 22 0 20 48 48 -26 -48 -4 42 -22 -46 -14 -7 25 13 11 -35 46 26 33 14 23 32 -19 47 48 -6 -22 -21 -32 -14 46 -41 -42 17 -27 16 28 -45 -42 -38 -41 -28 -38 -25 14 -47 -5 0 -13 26 -24 25 -19 36 0 6 24 32 -16 46 -9 15 -11 -47 33 -2 -35 0 33 -33 -1 -1 1 22 -27 -35 14 7 33 -35 -25 0 17 17 43 -14 -35 -38 -25 37 48 11 -32 -39 22 -24 -20 -1 -37 23 23 33 -33 -33 5 -21 -15 12 -15 -8 18 22 -10 38 37 -17 32 0 20 -40 19 -45 -39 -22 5 47 -2 -6 -49 3 -5 16 -9 6 -47 12 47 31 -7 49 17 13 41 36 -9 -4 15 -41 33 -16 -7 -31 -1 -44 -25 -9 48 3 -17 
4 -31 4 -49 39 -22 43 25 -25 -47 -46 43 29 -1 12 -20 17 -27 45 46 -38 -32 -20 -49 -5 31 -5 -31 -17 -18 -41 11 45 -12 28 -12 -11 -41 -22 -35 47 -25 31 -44 30 -10 -18 -33 -25 -4 -43 -38 41 43 19 47 -2 39 9 -32 28 49 25 9 -14 23 29 44 10 -2 17 37 42 -22 -38 39 -1 -23 19 -3 10 23 23 -3 42 15 -10 15 2 -49 -25 -42 37 39 -14 2 7 13 -41 27 2 1 -26 -29 -33 -8 -14 -32 -7 15 -47 38 40 7 22 8 24 -43 14 -28 -15 32 15 -5 41 -49 20 8 35 24 -34 49 -25 30 -31 27 8 -48 -15 -4 -47 11 -15 -20 -22 27 31 -28 35 5 11 -5 -7 21 6 -9 -21 -12 -32 22 25 -9 44 -38 -14 30 -40 48 17 17 46 -28 32 0 32 -40 37 3 -37 -15 49 44 -11 -8 -21 -35 -29 17 6 5 -43 14 6 10 6 -49 21 -6 3 47 31 12 33 14 -14 -22 -7 -44 42 4 -38 -43 -36 -31 -11 44 -2 -12 -7 -34 1 1 -20 0 -3 5 -5 -9 -25 30 -35 22 28 -7 44 40 -7 -47 -12 37 2 -30 -9 -21 32 33 15 -3 46 45 0 -42 -1 -42 29 -48 14 -10 37 21 -18 0 40 34 -23 -5 -39 -42 -31 -18 -24 10 49 -10 -46 -20 -46 -18 22 31 38 7 -2 -4 -38 -41 29 -19 20 -48 -2 17 -15 27 1 29 -33 43 -34 9 3 -19 -44 35 8 -23 -10 -23 5 4 36 36 34 44 -28 18 37 -11 -9 34 29 -1 -31 -40 -33 23 43 36 -20 -28 -2 14 -22 44 -23 2 -47 -39 44 -4 6 -46 -32 -45 -25 14 5 -24 26 32 -7 33 34 43 0 -31 -15 -6 24 -29 -26 44 -5 -3 25 -29 -31 36 -23 43 21 -19 -17 46 25 -37 8 -12 -5 15 25 25 -12 12 -46 -9 -30 8 -10 -21 -25 48 -8 38 -37 22 18 0 -45 -15 -23 -6 -8 -33 13 -6 36 18 -24 -7 23 -7 49 41 36 17 10 -29 -40 9 26 -43 22 25 19 3 -10 -20 41 -8 -41 14 -22 -47 13 32 2 -14 -35 -2 14 7 -42 -16 -42 14 32 10 -26 33 -3 43 -43 2 -28 -48 34 46 -13 3 -2 41 -47 -9 -26 -2 -6 42 42 -28 47 13 0 -24 -7 44 15 -21 40 1 25 -22 33 46 10 -38 0 -26 36 0 9 37 
-46 16 -34 6 46 10 46 17 30 -25 -11 -41 -44 -36 -10 -25 -20 25 33 39 -49 48 37 -24 -25 2 17 -23 25 -31 -11 -18 22 40 16 -47 -17 -45 36 35 46 -43 -27 -6 27 -27 -14 -26 8 -20 21 -29 47 -30 -30 5 -15 34 6 -31 11 -20 47 -7 -49 24 -22 34 46 21 40 28 -5 -19 -23 13 1 24 41 0 -46 0 7 15 23 36 31 23 -41 -46 48 35 -43 -32 -26 -29 32 46 10 -10 -43 -6 31 6 -18 33 -25 46 -34 -45 -29 -18 -10 -11 35 26 41 -14 27 35 -41 -7 11 35 -33 21 -25 17 41 -15 16 35 16 18 -11 41 46 29 -4 21 5 37 -40 -48 -3 35 45 3 48 -14 -6 18 18 6 19 -17 -26 -1 44 -10 28 35 4 28 24 -20 3 -41 26 -13 -20 26 43 41 -41 -8 46 -45 -29 8 -25 32 -14 -47 -1 -7 14 -35 -17 23 29 -47 -35 -20 41 6 38 30 25 -4 29 -43 9 20 -46 25 -18 -49 -9 39 19 -24 45 1 5 -44 8 -3 16 4 -3 20 30 -14 -16 -22 43 -46 39 -32 -20 -17 12 49 -38 33 -29 -48 39 -27 9 -42 27 44 -44 20 32 -10 -10 -38 38 12 46 48 25 15 -44 48 34 -38 -31 23 0 6 22 17 -4 -30 24 -1 -2 -37 26 6 27 20 -15 8 -34 15 8 -2 21 -35 20 48 47 15 1 -46 -10 -5 -31 -36 40 -32 26 -21 -12 -44 33 43 24 49 -25 24 -44 -15 0 -39 0 -18 31 17 43 26 36 48 -1 8 -35 41 13 6 25 -32 -16 -38 -25 33 40 0 6 44 27 -29 -40 3 -5 32 -36 21 42 -4 -41 21 -20 33 17 49 23 -6 -44 -44 10 34 49 45 -18 0 12 -38 -47 27 45 7 2 48 -27 36 45 -32 17 47 -31 25 -34 -1 -5 -35 -6 -11 -4 49 22 13 -13 15 45 12 8 37 -49 12 8 -2 7 -7 -19 38 44 23 -21 -44 -46 -11 -23 29 34 -47 40 35 42 43 -17 38 -5 21 -10 7 38 -26 -1 13 -45 26 13 37 41 19 47 -26 29 -21 -45 -27 33 23 -15 -27 1 -38 8 28 -48 34 41 32 -36 -49 -44 42 -39 -1 -47 47 47 -38 32 -25 3 -46 24 -23 -39 8 -5 -20 -12 41 -19 32 -9 39 21 2 -16 -22 5 43 20 -15 47 -35 11 -13 48 -4 42 -24 -32 48 18 -15 2 -48 10 -2 -43 -35 -45 -8 0 -33 -8 -39 21 1 -3 9 -27 3 -40 -21 28 -23 -18 9 34 9 20 -43 14 48 -27 30 -4 47 13 -30 -27 36 35 -30 30 6 6 -32 19 7 -11 28 -39 14 38 1 36 -22 -20 -17 -14 -4 47 -6 46 -6 -38 -10 -47 1 -22 41 -17 -23 0 15 -4 21 46 -45 43 39 -40 13 33 0 3 -6 36 -37 8 -29 9 -33 29 11 47 29 -14 -18 12 48 11 26 45 -41 -3 -14 41 
13 49 -10 0 43 43 22 -30 -5 -22 -41 22 -32 7 -2 31 -39 4 -30 -9 14 -9 -46 7 -18 -31 20 -48 34 -33 -22 -47 -12 39 6 -26 -48 4 -1 -35 49 46 -6 -35 -31 25 35 2 49 41 17 -37 19 -24 -18 -20 22 20 -5 -47 1 7 -9 -23 6 -37 -10 -43 29 16 11 -44 15 19 -14 5 -38 -26 31 29 -7 6 40 -10 35 35 -46 -48 -29 -36 14 4 -27 32 -40 42 37 -48 -37 22 -2 -43 7 47 26 28 -28 4 -42 -9 -25 30 -23 33 -1 28 -8 43 -32 44 -23 5 -20 37 16 -4 16 18 36 -39 -11 -36 37 17 -34 27 -40 -28 -35 -22 48 5 -17 -44 -14 25 19 -23 -34 13 -14 30 -48 13 -28 26 18 49 7 -27 2 45 -41 -46 25 -45 40 36 -35 -8 39 26 -23 -16 -48 9 13 24 6 -15 -22 -32 -5 43 -8 -41 -4 40 -27 -47 47 -10 41 -20 -20 20 38 -27 30 23 18 -32 17 -8 -18 -48 -10 -34 25 -20 4 -43 10 -1 24 -25 36 -22 34 15 -4 -43 11 -45 5 -22 22 1 -31 -37 -37 -10 38 -2 -26 34 20 7 0 -26 18 -21 49 43 -32 -20 -13 23 4 11 -17 13 -44 47 -44 -44 1 42 32 -11 -10 12 -48 -29 6 27 38 -48 -4 -8 -47 34 -10 -48 -17 -48 -44 35 45 -10 16 31 -6 26 0 49 -2 -16 -14 25 49 -26 -44 49 11 9 -18 -40 -36 15 -16 -2 33 38 -4 -26 46 -33 31 26 -10 47 15 -5 -46 -6 0 23 -39 1 -45 -16 -4 22 -45 -27 39 -45 14 36 -6 -30 16 42 43 19 -22 -14 42 26 36 -26 -37 39 -19 3 37 -44 -32 -28 -17 -48 -48 32 9 34 -49 29 22 5 -13 21 46 -31 -32 -6 0 -49 -25 26 19 -14 -9 0 39 0 -45 2 25 -20 13 16 6 -13 -2 3 39 43 -18 5 45 0 45 9 0 -13 -47 47 10 -3 -33 1 34 -2 -42 49 -12 -26 -44 26 -8 30 -37 37 12 9 9 -35 -5 24 5 28 45 38 -46 46 23 -21 1 15 34 -40 1 35 40 47 47 0 -32 37 -19 -12 -36 38 17 38 25 -25 24 17 38 -8 4 -31 -32 -3 -36 0 15 48 46 -30 -5 -15 4 -29 -30 -27 5 22 26 -45 7 39 6 -4 36 20 36 45 -22 -27 37 -8 -20 -29 36 19 44 -33 38 30 25 28 47 
-20 34 -24 -38 24 7 -33 6 -32 -10 -17 21 12 -12 11 -47 40 33 48 -29 9 21 27 16 -8 9 -1 43 -5 45 17 29 -16 9 46 -48 -32 41 16 -22 17 -11 41 -3 -11 -40 33 12 28 -20 -35 49 26 -47 -15 -4 13 7 -45 -15 -7 28 41 47 13 -2 13 -12 34 37 -15 30 -36 0 -35 49 46 46 24 -9 18 -9 19 42 -38 27 -8 19 46 3 -11 1 40 -12 -35 47 40 -23 -42 -48 -31 -30 -48 -3 -6 -37 -21 -31 -10 22 31 -48 -31 -28 -29 7 -26 48 -45 -8 31 20 30 30 1 30 12 -15 30 37 30 48 -45 -7 -20 33 46 36 42 -5 0 -24 9 1 -8 -12 -28 -27 38 39 -19 37 36 7 -1 13 35 -3 -42 0 42 30 18 -40 -19 25 47 -43 36 -49 -25 14 9 -38 -39 3 -40 -20 -5 31 19 -18 -8 -29 -43 14 -2 -7 -43 -30 -41 -42 -5 44 7 -19 33 42 -44 -36 -33 -32 -12 -33 36 5 -6 -39 46 -16 8 -30 33 -23 43 34 20 0 1 -29 43 25 7 -8 -9 -45 20 38 -21 -23 -2 23 22 -24 -23 33 -12 16 -44 -22 -37 12 -44 0 -35 -14 0 -15 36 37 -18 32 -24 -40 -46 -43 -32 3 7 45 -38 -45 -41 -28 -43 -3 -33 -10 2 -11 -6 -20 -34 -30 -40 -4 33 18 3 17 -12 33 23 6 -32 14 -41 18 32 -48 -2 -1 49 -42 -11 43 -19 33 -11 44 35 -3 44 -4 40 28 -18 -18 34 7 -43 33 8 32 -27 12 30 10 45 -22 -38 -26 3 7 21 6 -20 27 8 -35 -37 14 -21 -6 -10 -47 5 -17 -4 -21 24 -20 -5 -43 24 -8 -14 -47 9 -38 41 11 7 -30 -44 24 -30 45 32 35 8

The Max is 3743

=================================================================

Sample 5:

80

10 20 -13 -40 12 -43 -9 22 25 10 -17 -12 -38 37 9 -23 36 -1 41 46 32 -37 -20 38 14 -47 39 -3 3 45 20 47 -28 -37 25 -7 35 49 -4 28 -17 -1 -17 35 16 -27 -45 9 -42 4 19 -35 -44 26 -8 -36 -12 34 6 -21 -24 -36 -45 -40 -20 17 38 -21 19 -18 18 -13 -6 13 -16 -27 0 18 25 -22 -2 -10 1 0 -8 49 -5 -20 -42 -33 43 -4 -41 -25 30 -29 -49 43 -16 -9 18 -42 27 23 -34 29 39 -11 15 44 -42 2 -46 -30 14 25 -26 46 -25 -32 4 -41 25 29 29 40 39 29 -15 26 26 49 15 42 4 -32 18 -2 12 -14 42 -20 14 29 13 -38 -19 20 3 -39 -41 4 -18 6 -3 6 -15 -14 -31 -13 -25 -24 -20 -13 27 -48 -31 19 39 -49 -31 -22 -24 -20 15 -2 -44 39 
-19 43 -16 -12 38 12 -28 -2 2 12 1 -12 10 0 -13 -43 -23 35 17 -21 8 -24 -40 9 -32 2 28 38 -48 -29 42 -7 2 12 -2 -48 -14 -11 -18 -39 37 -39 -31 -31 6 -40 0 -21 -38 44 -36 -8 19 12 27 -42 -39 32 -39 4 30 16 -4 27 23 16 17 -44 38 -19 -49 4 -34 -1 23 38 -15 39 -19 -39 -45 -10 43 -9 -9 6 45 -41 36 1 -1 12 -2 -36 -31 -48 -6 15 35 2 -8 13 26 37 22 -9 10 -31 19 21 27 -24 3 -30 -2 -13 25 27 24 24 3 1 -9 -33 36 49 -17 5 2 23 -49 6 -46 18 20 -45 24 16 -38 22 48 10 -34 11 2 8 -18 28 41 -10 -30 13 23 -26 23 -23 -47 37 0 48 -5 -26 22 10 2 -43 9 -14 -29 11 6 39 19 -17 -10 10 37 32 -14 -29 -28 -18 -44 7 44 -26 
33 5 -26 13 23 35 3 -13 -16 -11 0 -21 11 40 30 27 -44 -13 10 -26 21 -18 -23 14 -34 -30 -38 -45 6 2 7 -25 10 5 34 -21 49 28 -29 -23 19 1 -22 -24 2 36 36 -40 -45 35 15 42 47 44 -49 -44 -13 -38 10 -24 -26 32 19 35 8 3 -14 48 32 30 6 -45 -9 4 46 -15 10 -32 -24 44 -40 21 -39 34 -12 -34 -18 6 -23 -8 30 -47 36 -21 -1 35 -49 -48 -41 -2 -48 -31 0 -27 -45 1 -25 -15 -10 -6 26 43 -34 42 -23 42 34 2 -33 30 0 -20 6 21 8 -6 -41 45 -15 21 14 -44 36 39 -1 46 21 11 -34 10 -15 44 -40 35 -44 -48 -23 35 -49 1 -2 35 10 -40 -35 -10 -15 -27 -44 -15 -7 17 5 -3 9 31 19 -13 46 -4 -34 -41 27 15 32 39 -13 -47 5 1 -40 -47 -41 47 43 8 -4 -31 33 20 19 -8 39 -40 6 -4 23 -7 27 12 40 45 42 0 4 30 -32 -24 26 -28 10 -27 9 22 -5 37 -22 31 34 14 -29 -39 -24 -36 34 -25 1 -36 -26 32 7 -10 36 15 26 11 12 16 44 -11 25 -23 35 -7 40 0 13 30 -30 14 31 41 -18 5 
28 22 -38 -11 -38 -21 -12 6 -43 9 -5 3 38 33 30 14 -21 -48 17 15 43 44 8 20 24 -4 -9 -30 39 -31 -27 7 5 31 -29 -27 10 8 -21 49 -1 -6 9 -13 -40 -44 19 1 -17 -8 32 3 -43 12 0 44 -1 0 31 12 -10 33 9 -9 5 -28 -39 -12 -37 -29 -5 -35 -9 37 21 41 12 -45 -22 17 4 37 9 20 26 7 28 48 7 -46 -40 3 -32 21 -25 -5 -27 -21 22 -21 31 -12 -15 21 39 -42 -3 -4 28 5 24 49 42 -25 -26 -10 -19 -45 22 -4 40 14 -6 -19 -25 46 4 -22 40 -40 13 36 -26 -21 10 45 0 39 37 32 -11 -6 5 -12 40 11 -13 -20 3 36 8 13 42 -40 41 -40 -45 35 48 -47 -46 -20 -19 -29 49 -45 -37 -42 46 -40 0 19 -24 -20 9 -40 11 -8 -48 -5 40 -31 36 7 36 -22 -10 5 31 3 -35 -10 46 49 11 42 25 -33 -11 -40 26 28 -47 -35 42 24 -44 -26 -22 39 -12 -49 -31 -18 28 -25 -31 10 29 5 -11 29 -25 23 39 32 -21 -31 -4 22 -26 10 -26 -12 -19 -49 34 17 35 35 33 -24 -1 -11 5 46 -1 -16 -4 24 9 15 36 -25 -34 -39 29 15 7 -38 -14 -3 -42 -23 13 5 39 27 11 37 30 43 -13 37 -43 -33 37 0 -14 29 7 -44 -10 32 -27 13 -11 -41 36 -36 44 -31 23 38 -42 36 16 -39 39 30 48 -21 -37 19 13 40 39 44 44 -36 32 -38 24 -37 15 -5 -40 -43 -29 -20 42 -21 38 -40 -8 -36 -48 43 -47 -39 -35 7 -23 -42 4 -29 9 13 23 -9 25 -32 6 44 -49 -26 33 -29 -2 -7 -9 -16 25 -43 -7 -6 -21 
23 -36 27 8 -20 9 -12 47 27 16 23 16 12 8 -20 -38 -30 -18 43 9 38 -9 28 -4 46 42 -2 -2 15 -7 -49 -44 15 -11 23 19 0 23 -18 -32 -37 9 -33 0 11 2 -11 -40 37 -32 22 -25 45 -38 36 24 -29 23 -10 12 -1 24 -36 25 25 0 19 -21 18 46 -22 47 -24 -42 23 -36 -28 -44 9 19 29 -41 -49 9 -13 -5 7 -4 -26 -44 -33 43 40 24 -37 8 -47 -34 -4 -28 12 41 34 -35 30 -48 8 -27 33 10 42 -22 36 5 13 -36 7 37 -4 -31 20 -28 -42 20 17 -4 -24 -40 33 36 -3 5 45 -5 -25 40 0 39 -49 36 39 44 48 23 12 -42 -20 32 -16 43 26 -20 -19 -20 -27 32 -33 39 36 0 34 -40 -18 -34 -32 41 -35 -36 10 12 18 -45 18 29 32 0 13 2 45 43 43 32 45 -9 -3 -1 -2 24 -3 -15 10 23 18 32 -28 -41 20 -39 43 -41 -36 -47 -30 11 -29 0 47 9 0 11 1 41 -5 -7 0 47 -32 1 45 -40 -28 1 36 3 4 -11 7 -39 32 0 -4 -29 -3 4 -26 44 -18 36 24 7 -6 -30 45 20 -14 19 -5 -38 41 -48 17 -29 18 37 46 38 -7 -47 -46 -8 43 40 -29 -14 25 35 41 18 -34 -48 -13 6 -8 -6 0 -29 -17 47 46 8 -35 41 -1 -32 1 -2 -6 -3 -32 29 6 -11 45 -21 -8 15 -13 -35 -6 -48 15 21 -2 -13 37 2 13 -29 17 -30 33 28 14 42 -28 -46 -13 -29 -18 22 -37 -29 41 48 -21 40 45 4 24 -15 -39 39 -44 38 28 16 -14 0 -46 -40 44 -13 -43 -44 41 -3 -3 -16 -11 -21 15 -26 -3 -49 25 -2 16 29 47 48 -19 -29 -18 -16 24 48 -47 -18 7 42 -24 8 42 -46 22 47 -4 40 -19 -12 5 23 25 -11 -47 -30 38 -31 -14 32 22 -7 19 -8 42 32 -32 0 -30 35 -17 -29 -49 15 23 28 1 -48 0 41 -41 -16 -17 45 33 -13 25 33 36 -5 7 3 2 17 45 -21 0 -10 17 35 -10 -15 5 30 
-29 33 -12 4 -7 29 44 24 -29 -25 15 37 19 9 -12 -17 15 28 2 34 23 2 -47 -44 20 24 20 25 -31 -9 -17 -11 14 -2 23 18 34 -27 15 8 -30 5 -18 29 14 -41 0 27 -28 -30 -26 32 19 -39 3 -30 41 -39 -41 -37 -30 37 1 -1 26 45 -16 33 1 31 -13 -46 -40 40 0 -41 -4 30 43 11 31 1 47 15 -21 7 -22 40 -40 10 32 2 37 19 37 10 15 -14 42 -46 -34 -36 -7 17 32 17 4 4 11 20 -44 0 32 -30 39 41 -30 -42 -48 -9 5 47 -13 -20 -5 27 -32 31 -27 -36 -40 -27 43 35 -1 -13 -47 41 -39 -3 45 -8 -33 -37 29 -24 14 16 -7 -17 31 -2 21 -36 12 -19 -47 12 14 18 3 -26 -40 -43 46 -22 4 -32 42 -39 -11 34 -44 47 20 -42 -8 -8 -15 -49 46 -8 40 -41 -16 -1 44 -19 17 45 49 -1 7 27 32 -33 -38 23 -46 4 46 -17 34 14 -27 35 17 25 -4 -40 25 -39 -11 45 5 21 -34 -21 33 -3 41 1 39 -12 -20 11 -44 47 34 -29 10 -47 3 44 -20 19 18 -3 -13 0 28 -14 23 -18 -27 38 -36 8 47 -3 -40 -31 1 20 18 -44 5 -3 -46 -18 4 42 -3 -14 21 25 -44 -41 -13 -49 49 -7 4 -30 -39 38 10 -23 -21 -47 45 26 4 32 13 43 -11 10 -9 28 -18 -11 1 -37 -40 -41 14 25 15 -42 6 49 17 36 44 -2 21 37 42 -40 20 46 -29 7 -12 35 -37 -11 30 25 22 -26 30 -10 17 13 27 -37 38 4 -17 23 23 -28 -20 45 33 -44 7 -24 23 28 -37 -7 -33 15 -35 -12 -16 42 27 49 33 27 6 11 26 4 -28 -17 -49 27 6 -39 2 28 26 47 -21 -16 -37 -46 36 -2 -38 -45 45 -13 -41 -7 42 4 -34 -46 -9 28 17 -2 -25 -5 -43 -31 12 16 -49 -46 -38 -18 -26 38 41 -36 -18 39 -48 23 -23 26 49 -32 -9 -45 7 -6 24 25 -9 8 -11 2 47 4 35 -11 -43 48 33 -48 -4 32 25 22 -13 36 18 13 5 -2 9 -6 29 4 -41 -35 -36 -38 -12 -10 -18 -32 -41 -4 38 39 -6 48 -15 -31 2 -8 24 -32 -16 
-29 1 -18 3 7 -10 43 14 35 32 -38 34 48 41 8 15 32 27 3 -39 6 -7 45 39 48 29 -24 44 -3 23 -12 31 -29 24 27 -10 -2 -8 -18 -32 -32 22 9 -25 -46 19 29 -5 -29 -26 -12 4 0 6 -44 13 -48 31 -28 -6 -41 -10 8 -23 3 6 8 -9 5 -31 -48 -4 27 38 -39 21 4 -33 31 14 22 4 26 18 22 21 -19 -23 -33 8 28 25 -22 -9 4 14 26 18 24 -27 -16 -35 -37 -31 -14 0 -31 -17 48 -48 37 -40 33 40 0 -2 4 -11 8 -20 -31 49 19 -40 17 -11 -12 -6 -39 34 26 -32 -42 29 -3 -45 18 -11 -18 41 -24 28 -45 -30 -43 -44 -20 -49 24 28 42 2 -35 24 -17 -9 -12 -43 -8 -2 34 15 24 35 -38 39 -25 -15 2 -25 4 -45 39 41 6 -14 27 43 15 10 5 21 -43 28 0 -2 37 9 -34 -46 44 43 -4 -37 31 -4 -10 -12 -28 10 -18 -37 -12 -44 -33 -1 -43 -38 -28 35 5 46 8 -2 18 0 36 39 43 16 -16 -39 30 -28 17 3 14 22 -45 -28 38 40 -40 28 -19 24 33 27 -49 25 10 41 6 -26 0 9 -4 -36 39 -8 23 4 37 14 -43 37 48 35 -42 19 -31 28 -43 19 -44 40 19 13 40 35 16 43 40 25 -34 47 -44 -9 48 -11 -25 -33 -7 -17 30 49 41 29 27 -17 -27 10 -13 -10 10 10 22 -31 -22 -14 -40 21 -10 -48 -33 -39 -26 8 16 15 47 49 0 -38 44 6 49 -34 -24 3 -11 -23 45 -3 -47 
-13 14 18 35 -22 -37 42 4 -43 11 -14 -42 -29 21 8 -40 47 -1 29 -13 -30 38 -21 39 41 -37 0 -7 13 -43 0 -27 3 22 2 -19 2 10 17 -38 34 -27 5 21 49 33 -1 -2 8 -25 -37 43 8 2 4 19 26 45 40 0 20 -7 43 37 26 34 29 -3 0 24 -25 -47 -14 33 -16 -6 -19 -6 -44 24 -25 25 -14 -17 10 12 45 38 -40 24 26 -25 38 -15 40 -43 30 33 -41 -28 -4 -4 20 37 10 -17 -49 -38 -19 -32 16 -40 -12 -34 -30 -33 -27 23 -30 -4 24 -25 45 -40 -32 -40 16 -47 10 -47 2 15 46 14 46 48 16 -17 28 -2 -9 0 -2 42 30 38 -11 -5 -21 43 -47 12 -19 28 36 -44 46 -33 40 -29 -31 46 -49 11 -3 -45 -30 42 -11 -15 30 -31 -3 -37 -26 31 10 -39 26 35 25 4 -2 -11 36 -49 -6 -37 45 -22 49 -49 -31 -25 -13 5 -8 20 35 4 -12 -30 -5 -21 27 -12 42 26 7 -9 -16 -49 20 19 12 -21 -20 46 -24 21 -45 -3 -3 12 36 43 48 -11 -36 -20 22 -49 36 47 7 -7 -2 -6 -31 32 26 33 -45 31 31 21 -22 11 -33 3 29 9 -1 -6 33 12 -48 -13 -22 27 -15 7 -5 38 22 -19 27 -18 -23 17 -13 49 -19 -41 -42 -32 -17 21 0 0 -33 2 1 35 23 -10 27 -26 1 -49 -2 5 0 49 11 43 -26 -44 -19 42 -5 21 40 -27 -29 32 5 -24 -7 -41 4 4 -7 -39 -37 -37 -49 -30 -17 -23 0 2 -47 27 45 38 37 -36 15 -10 -30 -42 -29 -7 11 -9 -12 -43 42 -4 -19 -16 47 -42 -20 41 -3 -43 -40 43 1 -7 -42 1 9 8 29 3 -7 -49 12 -40 -9 -16 12 16 44 -48 15 20 46 3 38 45 36 42 -19 8 -24 24 35 -23 0 -10 22 -12 0 36 13 -1 19 4 -45 -46 23 -6 -37 31 -10 -14 -29 -14 10 -29 -25 -13 34 30 -12 -6 -49 32 -4 18 12 -32 -17 -22 46 34 0 -3 -24 -27 30 40 17 -16 11 36 
4 -19 -12 -32 13 29 44 9 -22 6 48 -3 -23 33 35 15 43 27 26 27 -37 -30 9 1 18 -37 -7 -5 41 -7 -22 -14 -24 -22 -3 36 37 -12 7 41 25 12 -39 16 46 -27 -47 0 -32 21 -12 -17 35 -38 20 -42 -11 -32 -36 -2 -6 -41 -15 21 40 7 17 1 44 -15 -29 -40 40 -40 47 33 27 -44 -49 -7 44 32 -36 -33 -20 37 4 11 44 -40 26 -37 -45 9 -9 -32 49 3 -21 -24 24 10 -45 21 3 49 -2 39 -13 22 -27 -48 -34 -2 48 -22 2 -5 9 -12 24 -17 34 24 23 12 31 -3 -3 -48 31 11 -20 -42 42 15 0 -25 10 -41 -41 -26 20 20 31 -24 39 33 36 4 11 -36 47 -33 46 7 30 -42 2 9 -23 -24 -45 -26 -18 1 30 -19 -2 23 -33 28 38 -33 -32 -41 -20 20 -13 -7 30 28 -24 -32 -32 -23 41 14 -29 -37 23 -40 -13 -25 25 29 -42 2 -17 0 -19 44 -34 -32 2 -29 25 18 -37 1 -34 -3 -35 43 2 22 -22 3 25 7 37 44 -46 -22 31 -9 -29 27 -43 -14 -11 46 -28 22 17 36 -4 -5 1 -20 47 -49 14 -2 -38 14 -46 -40 -34 -1 -33 -49 49 8 7 -24 15 21 37 -48 -10 10 46 4 34 -20 37 -11 5 -32 -8 19 -30 -32 -47 -44 44 -12 -23 -26 -41 -47 34 6 39 -32 7 -6 12 31 23 -49 46 -48 -42 1 46 18 36 -15 -37 -13 -35 -43 28 -11 -16 48 -24 30 -7 -29 -47 -23 23 -7 -9 0 -4 -15 22 18 -2 14 -42 -13 7 -16 -27 41 19 16 8 -43 -4 -10 8 49 -44 14 15 -45 -20 13 9 -38 10 -38 39 31 1 25 -11 49 8 46 19 -5 -5 -29 -13 -4 -15 -12 3 -47 45 45 15 -30 -13 -48 24 -19 21 -2 4 -18 -11 26 0 26 35 -45 -35 3 -36 -9 27 -37 25 41 -37 -45 2 39 16 11 21 30 -8 2 -43 39 36 20 40 22 39 21 15 -13 -27 21 32 5 -40 -24 -26 1 -12 -43 -23 29 22 -46 -13 2 -49 24 23 -47 -45 0 34 -36 19 -1 5 5 -22 -29 -28 -3 29 -42 -40 22 37 34 -2 -46 18 14 28 7 35 3 -2 1 35 -39 11 -42 0 
2 8 24 -38 -37 21 -47 -4 36 -16 31 -16 43 -48 1 4 30 42 -45 48 -24 -19 -37 -38 21 -5 32 -20 -25 11 30 -33 24 -30 -27 5 17 7 -45 2 25 40 30 -30 8 30 43 -8 -46 -29 43 3 -17 -39 -24 28 28 22 37 -32 -8 24 -36 8 26 28 23 43 -28 0 -43 44 -30 -19 -4 -6 30 17 38 -3 22 34 -4 13 0 -47 27 -43 -26 37 -34 5 -13 34 -23 -43 49 46 22 -2 -10 21 27 6 -1 -15 20 12 38 5 4 43 -8 -2 -30 4 -40 -46 41 44 16 -12 -4 23 -23 26 -30 40 10 13 -3 9 -5 49 21 25 -36 -41 -5 24 0 -28 18 -19 0 -32 -18 -20 -16 18 -39 1 -20 27 -36 4 -47 11 3 14 -32 28 0 -11 -28 -9 -24 22 -46 -42 -27 32 -5 5 42 31 -43 46 -17 -28 36 8 35 7 25 -30 -29 48 -22 -21 26 29 38 0 3 -32 -10 29 48 22 1 42 26 28 35 -46 6 -4 35 36 26 -38 -24 -16 -35 46 -43 29 13 0 -4 7 -16 0 -16 32 17 -5 10 -37 -29 21 5 -23 -9 0 22 -45 8 18 47 -32 28 41 -10 -42 45 15 16 21 -23 -35 -46 -13 42 40 22 -39 14 33 -17 2 -40 -18 -32 19 -1 -8 -18 -12 -30 -33 -15 22 -10 2 9 1 0 39 -1 -8 -12 -40 -42 36 36 -34 23 41 22 9 0 -22 -45 -38 -7 -49 49 -34 39 32 17 0 -16 -46 -28 5 -49 -44 -8 -48 -39 -17 42 -17 -45 -42 20 -1 -36 5 29 -4 47 -42 39 -18 48 -14 -42 -14 -15 1 19 15 -9 5 -10 -27 13 -19 -35 3 47 -31 34 18 32 -49 -20 37 -14 26 0 -29 -31 45 41 -43 44 3 -2 -36 9 -3 -41 43 -40 7 -13 8 10 -9 -25 15 -25 -45 -34 -35 -21 40 -18 -34 -11 27 -35 -6 49 -29 -16 19 -17 43 -24 17 -19 -12 32 19 -44 32 35 -5 22 -6 4 14 -15 33 43 -6 -48 39 -5 28 18 38 30 -34 -48 31 -29 25 11 -10 -19 38 -21 -47 40 40 -15 -38 -49 -43 -29 -32 -45 -44 42 32 38 -16 12 23 34 -33 15 35 -8 38 37 21 -23 2 41 3 -42 -29 -33 35 26 41 46 3 -19 16 -28 10 -30 -28 7 4 -34 -24 13 -28 -6 -13 -35 -40 -22 17 -10 19 36 0 -43 27 -12 -2 -2 -11 -45 44 -43 -32 -44 -17 -45 -29 -45 22 -47 1 22 29 -33 -4 0 2 -43 -47 -45 19 -6 44 15 1 18 -30 -21 -24 -14 4 5 13 -27 47 -33 -47 -19 -37 0 5 -43 -31 11 22 -43 -12 26 -39 -45 -6 49 -7 -39 -33 -41 48 -39 20 -24 14 42 -23 37 -43 46 30 36 -48 -13 28 -28 48 32 14 -29 -9 -20 9 44 5 -37 1 13 18 -23 18 -26 -27 -11 -37 42 19 21 -28 -29 24 -12 12 26 -28 22 -34 -20 46 -20 25 
-1 -9 25 41 29 13 -40 21 -45 -18 -33 14 -30 5 -18 49 11 -49 45 7 13 0 3 -28 36 19 13 -23 3 2 -14 22 5 -2 31 -18 -25 -29 7 -13 3 5 16 34 13 -16 -42 -44 0 -47 31 49 36 20 20 28 2 -47 -24 7 -48 -21 9 -12 4 -47 -4 16 -9 -9 40 -32 -19 -3 -39 -12 -47 -15 24 18 -26 -35 -11 44 18 20 35 18 -26 28 17 33 35 25 32 -5 7 41 4 9 -18 -16 7 42 1 -48 42 -3 -30 0 -44 -18 -27 23 28 -2 -35 47 11 41 35 33 -21 3 -18 44 -7 -1 15 -46 49 48 47 -1 3 -15 -33 44 16 31 37 -13 15 11 30 -22 0 -5 22 -14 47 -34 10 0 -5 13 13 -23 23 40 -8 32 4 -3 -43 -43 42 29 -6 46 41 -5 5 6 0 10 -32 -36 32 -45 -26 -6 42 -41 -7 -18 25 -7 -46 -4 -44 -39 -22 -8 34 16 14 -17 -20 -48 -2 -36 48 -24 45 -15 -21 -38 -6 25 -12 9 18 -26 34 -44 -29 42 49 28 0 -3 -29 32 3 9 -32 -43 8 18 2 33 5 -33 5 8 22 22 -21 -19 24 25 -28 -17 48 -2 22 25 -8 -18 -5 -26 24 49 10 25 0 -12 48 14 -8 2 0 -34 -31 -37 2 49 -24 -47 2 7 31 18 0 -2 24 22 39 -7 -45 23 26 -4 -18 26 -16 -15 13 -45 25 -5 -28 7 34 -12 -38 0 -10 -34 -11 48 5 -43 -30 -42 -18 0 -30 41 -43 0 49 -15 2 2 41 40 36 -15 15 -5 31 -42 -38 -36 -2 -3 18 -18 4 44 -10 -7 -38 -33 -35 -48 16 -31 30 30 -10 34 -43 28 42 45 42 -21 -9 -30 -1 44 24 -18 -27 12 19 44 -7 45 -35 43 32 -31 -44 -35 11 38 10 -33 -32 15 -34 46 36 25 -13 -12 7 -6 -46 -28 25 24 4 -45 14 -43 -32 -6 -34 -19 -40 0 -6 17 -35 20 -2 21 
13 1 35 -30 -29 -14 41 -37 -34 -13 37 0 7 24 25 -16 37 -43 -23 -14 29 29 -34 3 4 33 -24 -43 9 31 -37 0 -29 -30 -9 10 15 -16 -32 30 5 46 -10 42 20 -38 -27 7 -9 29 -23 49 -45 13 -5 -27 34 -7 -37 -23 13 7 43 21 -15 -8 23 13 -10 38 -22 0 -33 -3 34 -16 -39 -39 41 -8 24 -41 9 -6 14 -18 -37 -31 -22 -8 -15 -10 -22 0 -19 37 -36 48 27 24 10 19 -19 -21 32 -41 17 40 40 26 48 -20 15 -35 37 1 -7 -39 -1 -30 32 -49 2 23 26 -29 -10 -7 -35 -48 7 1 -44 -28 27 -34 -23 20 3 -31 -34 28 -19 -18 39 -38 -32 -39 -26 -28 34 36 -38 -31 13 48 31 41 9 -49 -23 -48 -44 28 -9 35 9 -32 -7 -7 -3 -14 -3 32 1 -29 -18 -22 19 10 45 -1 -31 41 -33 23 38 16 -33 8 3 13 1 29 -46 3 26 -2 11 -2 10 -41 -38 43 46 -14 -11 31 7 5 10 8 -9 10 10 31 4 -23 -49 27 -14 -30 -10 0 -45 -24 7 17 -33 40 2 -39 21 49 7 -45 1 3 40 14 34 -39 2 29 14 -38 24 -43 -27 42 6 19 -36 -4 -28 24 -4 -15 37 -30 36 8 10 20 14 -35 37 -9 29 35 5 18 2 21 0 43 -14 -38 -25 15 46 -10 -44 -10 10 -27 -42 14 32 -35 34 -17 30 -17 -34 -15 10 -35 -10 -13 12 -2 -20 -35 -41 -21 -11 38 24 6 46 35 24 -49 46 -29 13 -17 -40 -39 31 -6 35 2 -21 13 -46 48 -37 -6 -13 -29 47 -34 17 46 -44 -41 -25 7 -16 16 14 -11 15 -38 28 13 -18 0 -38 -20 -26 4 43 -1 -3 46 14 -43 -13 36 -4 18 1 5 1 12 -4 9 10 -3 -21 10 27 -10 -48 23 24 -33 -15 42 -6 25 -13 -6 -22 -22 17 -24 20 -34 49 24 24 13 33 -42 0 35 32 -26 44 -45 41 -43 -31 -31 1 -3 19 5 30 -41 24 1 16 -32 -14 -31 -16 45 41 25 -11 25 -8 -43 -23 -19 -6 28 33 48 27 -46 40 20 -12 -36 -38 44 23 -29 -39 -16 -31 25 45 25 -14 -40 -29 -1 -47 -25 28 -6 34 45 -48 -47 -13 6 
-47 -40 29 -5 24 -46 -42 -35 18 26 42 -31 -13 -41 -14 -24 45 -29 37 20 20 -28 36 4 46 44 41 -11 3 -37 11 46 22 -33 47 -39 -23 38 -33 5 -22 21 0 -1 -37 3 37 8 8 24 -3 9 -4 26 -21 -16 -43 10 43 -47 42 -12 9 46 28 -11 -47 0 22 -16 -14 -24 21 -14 -4 -38 -16 42 -9 -23 -9 -1 9 -45 -27 26 42 -29 47 24 44 45 31 -38 -18 -25 44 -17 -37 47 49 27 -5 18 5 14 9 -6 -29 26 39 47 11 45 -30 -8 -41 36 19 -43 36 47 29 -43 47 -40 15 -7 -20 -40 48 -15 -23 -16 -34 -22 17 12 -27 -46 15 -41 -38 -9 -49 -3 -26 -3 37 1 36 -12 3 -39 8 -25 -41 -35 -8 6 -32 -24 -18 40 19 -10 0 44 22 -32 14 38 -16 8 0 -39 -40 47 -24 45 -2 15 24 -26 -21 -18 34 29 9 -28 2 10 45 8 12 -6 -48 40 48 -17 27 -10 1 -31 -14 13 -38 45 36 31 12 28 -45 0 13 -21 11 34 1 7 -19 16 -26 42 -25 1 -20 11 37 15 40 -27 -13 46 -49 -21 -6 4 -23 4 -35 -43 -11 -35 27 -20 -34 -21 -46 -19 24 10 3 26 29 14 -26 -22 -39 14 -29 19 2 -30 -45 -47 37 -48 5 -48 7 45 -43 -38 48 43 31 -37 -31 8 -24 0 0 -43 35 -5 -44 46 0 47 -24 -26 -33 49 -32 39 27 -37 13 -15 -41 -31 45 -31 39 -10 -38 5 -13 13 37 44 -21 -1 -21 30 -2 37 -24 33 48 13 -18 -38 10 7 10 18 -42 10 12 2 -5 28 -2 -15 11 43 48 43 5 -29 -20 -29 29 0 36 24 -48 9 39 25 43 26 -13 -33 -28 -43 26 -7 -42 -38 -49 -17 4 3 1 -41 -15 24 7 -49 -22 -19 1 5 9 -19 -21 -19 35 -38 35 -8 -20 -25 -44 -28 11 -39 -43 -2 16 19 45 16 8 -14 -21 0 -2 22 17 49 -44 13 32 -1 16 -14 -3 -16 -14 21 10 -12 34 38 11 9 12 -2 -31 -26 -41 14 -44 10 -24 -30 31 32 -38 24 -44 -20 -41 -45 12 -3 -21 -49 -5 11 -48 19 18 7 25 37 46 16 10 20 -35 25 46 44 29 -16 41 33 22 -44 24 -32 34 -10 38 41 35 -47 -21 17 44 -13 -43 11 -38 33 -45 -18 8 -14 7 -48 -26 -45 -32 26 -31 13 27 49 -32 28 43 26 -48 0 49 24 11 -5 -9 -29 -44 -30 -31 14 -10 15 7 7 -7 -2 47 14 7 -17 -37 -23 -14 -9 -4 46 -33 -38 10 0 -6 -11 20 -5 46 24 21 -48 -31 45 -38 -30 -20 -48 -39 33 22 -30 -24 -46 -13 30 33 26 -31 46 -46 -5 45 -14 -39 25 3 48 46 -17 -8 20 -7 17 24 4 -33 25 4 40 23 -24 2 -9 -43 -1 -43 -34 -29 40 -31 20 14 15 34 40 -1 -45 36 13 -33 43 28 35 -36 -44 -10 -23 19 36 -31 -5 -4 39 -25 -41 46 12 22 -18 -11 -40 -42 43 34 11 -21 44 -43 -44 49 48 9 -20 29 12 -24 -18 20 8 -11 30 15 17 -45 -26 25 -36 -31 26 -36 -41 -8 -15 47 29 -47 -31 2 18 -36 -47 -35 45 -38 39 14 -32 10 -23 29 40 -22 -16 -4 48 -42 -35 -33 41 46 -46 -11 46 -18 -40 -1 26 -12 25 -35 40 24 21 -3 24 -42 19 1 41 -31 -24 18 -43 
-49 11 -11 38 26 -18 -12 23 1 24 -39 40 -7 49 21 -23 -28 -7 30 -42 44 34 38 37 -16 -42 -48 48 -37 7 35 49 0 16 28 -41 -13 8 47 7 -20 4 -13 48 24 12 7 -38 -3 10 -11 41 5 -23 -31 -7 -12 0 11 36 36 21 -34 -41 -48 43 5 16 42 -23 10 -46 -48 -36 22 47 -39 -29 -20 -1 15 41 -25 -2 -39 -32 2 -23 -40 -8 31 9 -20 -26 35 33 46 -48 31 -13 4 -5 -4 4 45 13 -9 -17 35 46 -1 46 22 -11 32 -47 43 27 0 44 -49 16 9 10 26 -42 -49 -2 32 26 27 38 5 49 -34 28 32 26 45 -36 7 -29 -16 0 41 12 -38 -19 -10 -25 -6 -33 35 23 -39 6 -15 -12 -5 23 22 -25 -34 3 0 9 -22 15 -23 -23 39 32 18 -25 -16 18 -45 45 -5 19 -48 39 -13 -49 -12 2 22 29 27 8 0 -20 -21 48 -38 42 -40 3 0 -48 29 45 42 -30 -19 -18 -41 31 -42 20 0 2 31 9 34 -28 19 27 -32 28 16 6 35 -2 -34 -12 -44 -3 -11 -18 -16 47 -36 40 -39 19 -3 -2 -17 -40 9 -30 0 44 -14 -32 17 -19 -3 20 -21 -42 -8 -5 7 -34 -21 -16 -17 -24 29 -17 21 -39 -39 30 12 0 -25 -17 9 36 -8 -22 39 43 -1 33 18 36 27 25 -35 39 -27 -36 45 -5 -14 -4 38 -37 17 -19 45 -42 -31 -6 31 -13 -47 13 -7 13 -12 -11 10 47 23 -29 16 -19 -30 -23 -27 1 2 18 43 -1 -8 -12 -30 41 -37 27 -30 -32 6 -39 31 32 41 -6 28 47 35 19 36 -35 4 -17 -7 26 -18 48 -33 34 31 28 22 22 -19 -3 -14 36 37 0 43 35 -39 21 -7 36 11 25 -38 -13 -14 37 -3 47 -37 -42 49 -11 36 44 39 -3 -37 -31 17 -4 27 18 34 -29 15 -39 7 38 45 -48 -33 -22 8 48 10 14 -26 36 -40 -41 -43 -43 40 -43 19 -18 3 48 0 -31 -20 -4 -41 1 -42 19 12 -27 0 -45 -15 36 -30 45 18 -19 -30 36 -39 -47 -5 -13 -3 -42 34 -26 -25 4 7 -27 -4 -43 -7 -22 -47 -4 18 40 -32 2 -3 40 41 18 -38 -14 -30 7 -7 10 48 0 -48 3 34 43 -27 31 -32 45 36 6 26 -23 26 -7 -24 38 32 -45 -40 20 -38 -15 -36 23 38 18 -45 -2 36 -48 -16 35 -46 -33 -13 22 -29 44 0 -17 -2 -36 26 -18 -15 4 -32 -27 41 -26 -2 -4 19 -42 -5 24 11 -28 44 -46 -12 -37 44 -29 -7 27 -43 28 -22 -38 -14 -5 5 16 -4 4 9 23 28 15 16 17 -17 2 39 -11 14 29 14 -31 -37 8 12 11 30 32 -22 7 27 -16 -42 -5 21 -36 11 30 -28 5 21 48 -28 -2 33 35 38 -28 8 -42 49 29 -13 48 -25 -23 38 1 35 33 -40 -13 13 -38 19 -39 -4 -3 44 31 -8 2 28 -36 -43 -22 16 30 24 -27 -11 20 -45 1 17 -19 -26 23 38 11 43 4 49 -38 -24 14 49 -8 -13 -2 -36 29 22 31 43 -48 -7 -4 42 -9 -46 -49 -21 17 48 31 8 -42 40 2 28 23 -24 -49 43 30 -41 -42 -20 -36 12 -25 -20 19 29 -10 -28 12 43 -14 
-38 -27 43 38 -12 -29 -12 -45 8 -13 -48 35 -44 32 -47 -49 7 -12 -41 -43 6 21 18 -40 20 -20 -7 -13 -30 -45 33 16 26 28 15 -42 15 -1 -40 16 30 -27 17 -43 -19 -26 32 -46 -41 -26 -13 -43 10 30 16 -16 -30 5 -21 -48 46 23 -21 34 48 18 24 10 44 -18 20 -8 8 -40 -21 -25 9 32 31 43 33 -29 -29 17 -16 0 -47 -22 17 2 -39 -33 15 -13 23 3 -36 -18 48 -16 -45 -24 -2 -25 -39 -11 1 47 45 -33 44 16 -23 11 -39 -25 -17 33 0 -27 -27 6 -43 21 -24 35 -33 37 29 15 -46 2 -45 47 -42 -12 -38 -19 2 0 -18 -27 28 22 37 16 34 12 -19 -25 -19 -44 -37 -19 48 36 33 -40 10 -37 38 25 -7 3 17 -44 25 15 -37 22 -49 -48 0 4 14 25 -47 -8 23 -36 0 -16 36 10 -47 19 -26 17 -12 -15 -16 -41 9 37 -36 25 15 47 35 -42 35 -34 4 -11 12 -37 36 -18 36 21 -48 43 22 -25 -48 2 -16 7 0 29 10 -25 -18 34 14 -3 37 1 -42 24 30 43 -3 -25 11 -34 -44 -44 42 25 25 -16 0 0 47 -47 -27 5 35 47 -46 -13 43 25 34 -46 -47 -36 -19 43 6 2 31 -42 -7 -37 34 17 -1 -14 15 25 -30 4 -10 -11 22 -7 -28 -45 -19 -46 17 -26 -12 -2 -27 -7 -28 45 7 -42 -44 0 -24 16 -46 13 21 -43 33 45 29 -21 -8 18 -12 -28 -44 -49 -38 -45 -38 -4 5 0 29 10 -28 26 -24 -28 7 -25 -10 -20 49 -37 -21 -15 -18 -43 -24 38 5 -9 27 46 25 42 -16 9 -25 43 32 19 -12 -24 28 -22 -14 -22 23 -32 9 3 -47 0 -8 23 -18 29 3 -15 -12 -13 8 32 43 -41 -19 -36 37 -31 4 -11 -10 43 -38 30 11 -26 35 30 -6 -18 -33 7 17 14 -7 -28 -30 16 -49 48 31 28 -18 29 -27 25 20 -11 28 -40 11 -15 -1 8 -10 -33 40 -47 26 34 12 -8 -36 11 -35 -16 0 44 33 0 21 -10 -1 35 47 -20 -3 1 0 -9 -20 7 3 -46 22 -4 -4 -38 18 -7 10 17 -28 -8 -28 -6 -48 32 -7 -17 21 -33 -49 20 46 -15 -49 -31 -49 30

The Max is 2950

=================================================================

Sample 6:

100

 -31 -27 46 10 -41 -43 -36 7 -39 7 -23 -39 30 7 22 -11 7 -34 44 31 36 -19 -32 -15 37 48 17 -28 41 36 8 -5 -47 -36 -2 30 -29 -13 -11 27 29 -11 2 26 38 32 0 -18 32 -15 24 31 7 26 -23 23 0 -22 15 6 -42 22 -40 10 15 14 29 42 -30 -26 -1 45 33 30 8 -20 -16 -14 36 -2 -21 -32 45 2 -4 -26 40 -15 -41 47 2 43 48 4 30 -35 -26 -19 -19 -15 19 7 47 17 46 -12 -24 30 -6 -25 -39 26 41 19 -10 37 10 33 37 -8 -41 34 -22 -26 -23 39 1 -31 44 48 -25 -33 15 46 5 32 -9 34 32 -36 25 -7 22 -4 -48 -5 -36 -15 5 -23 8 46 -11 -45 -26 49 28 -14 -20 15 22 -19 -2 26 2 -5 14 37 8 14 -6 3 -46 33 -4 -13 -29 38 36 2 6 2 -32 -12 -30 0 13 -26 13 -31 -5 5 24 -41 38 -49 47 -17 -22 5 -10 -33 36 35 26 -34 -4 -28 45 37 23 39 -12 -49 -23 -7 2 32 -30 -26 -2 23 -5 34 12 20 21 31 -34 -14 22 16 -2 -25 -40 29 42 0 -25 27 -29 44 3 19 24 -5 11 39 18 -28 -1 19 12 21 35 31 -14 -18 7 -16 46 9 -29 -8 -38 -33 -15 -45 49 -32 4 11 12 -10 10 -21 -43 46 0 32 -17 -2 26 41 41 26 42 -22 21 -14 -2 42 -21 -8 -34 -45 37 33 -7 -29 7 25 16 40 -38 24 48 5 -14 -47 48 -39 26 -25 6 18 47 29 36 30 -16 -32 -21 4 -32 18 -14 49 11 20 13 -11 -25 -31 49 37 10 25 32 24 17 -21 -24 6 28 29 -12 -5 -23 -24 16 -5 27 -20 21 39 -20 -35 5 28 -48 42 20 19 -12 19 -38 -42 31 -7 29 -31 -47 -28 9 41 -38 -22 -49 22 -23 -3 19 24 38 33 17 -15 33 22 -8 49 15 0 -16 21 -7 47 -19 -45 -47 33 23 26 24 16 -25 45 -35 39 -13 -12 -7 -34 -43 14 34 9 34 13 -20 21 17 19 -37 -29 27 28 20 47 36 3 1 45 -20 -28 -31 8 2 -45 -40 15 -37 -16 -31 7 10 -9 49 49 -8 10 43 -12 -36 -1 39 6 20 0 23 17 41 -16 33 -45 12 38 23 -21 31 43 1 20 -27 -40 13 -27 14 -16 -32 49 5 -23 -12 -14 -14 30 -44 4 43 26 20 33 -27 -47 27 39 28 9 -28 9 6 -11 13 0 -32 -10 -43 -26 13 -34 -31 -49 -28 -42 -48 -14 19 3 -16 25 -26 37 35 34 0 9 3 -47 -27 0 -10 -10 0 -26 -26 -30 -11 34 -6 30 39 -39 20 -10 7 -35 16 -30 -13 5 11 -6 -12 -5 -20 -15 32 -5 -45 -42 -4 44 8 8 -30 -39 49 9 -13 15 15 17 -6 19 13 -36 -44 -22 15 -37 47 -48 22 -12 5 -13 19 12 -26 16 25 41 16 34 -29 -26 -40 -34 -49 17 -27 -39 -20 -31 -44 10 -36 29 -25 20 -39 23 38 -18 13 -24 -6 5 4 -18 -33 5 -49 23 -43 10 -47 1 46 43 -29 12 14 -37 -44 -22 5 14 -29 -39 -29 28 28 -10 48 -24 -45 12 -12 -3 -35 -39 -32 -39 -13 -19 -46 29 -4 36 16 24 11 -22 33 8 10 -3 -33 29 -42 30 19 32 -32 29 18 -44 -38 -7 -41 -31 12 24 3 -46 22 43 24 0 0 47 25 -29 39 9 -6 -17 41 -32 -42 -24 12 -8 -13 -23 -37 11 -4 -1 37 -8 12 6 -40 29 9 -47 44 -40 1 -8 -38 -49 45 46 -22 12 4 -43 -46 46 -9 31 -47 46 34 -39 -37 0 18 49 -8 -41 42 -39 -7 3 12 -24 -19 -48 23 15 33 21 -34 10 -41 30 33 35 5 -16 -13 10 -41 29 -35 -48 -10 -28 43 -39 -37 4 35 -42 29 -37 16 15 48 -20 -14 12 12 49 21 -47 31 35 -5 38 32 -47 -40 -46 32 31 14 32 39 -38 26 13 45 42 27 -34 49 -4 6 46 40 23 7 11 2 -42 -34 -13 -7 -24 -15 8 48 34 -17 41 -20 40 33 1 -6 -26 -33 -6 47 30 0 36 32 -26 -48 -17 49 34 46 19 -16 13 22 -42 -35 25 -9 -21 -44 17 14 9 -3 -10 5 -12 -19 6 0 -44 -37 21 -15 -39 47 22 -23 40 -31 -9 5 -33 5 -14 -36 39 -2 17 39 -7 -2 18 7 6 27 23 10 3 -6 -49 16 39 -5 -10 -7 -5 33 -5 -5 -17 -46 4 47 -48 -24 -31 -27 44 -35 -5 34 28 45 -3 -38 19 18 15 43 0 -17 16 6 49 -15 41 2 -48 34 -6 23 42 -3 7 45 -19 -41 33 -26 -47 -14 24 46 -35 9 0 11 30 20 -32 -46 -41 -19 -44 -1 11 31 -43 31 -42 22 34 -7 -38 -21 -27 -29 39 19 35 29 -40 -48 31 15 -7 -39 -8 -39 43 -31 -7 -27 -3 48 -27 -1 -43
 -1 -7 -2 -12 47 48 18 7 -32 -28 -6 38 46 -21 34 3 49 27 -48 0 -35 15 -13 32 42 -45 27 12 2 -12 14 17 33 24 -34 21 3 27 -38 -49 27 -16 -38 -6 -34 0 -41 -16 1 -47 12 -20 24 19 -28 17 -11 -2 -8 0 42 -40 -1 0 -5 9 31 11 38 15 -15 -23 -13 23 38 28 -14 44 -8 36 20 -3 12 -14 4 41 46 29 -7 -17 26 5 20 -31 -29 48 47 18 -40 -9 26 23 36 -37 -33 8 -6 35 -11 -31 -47 33 28 18 -15 40 47 -47 18 11 32 7 49 -44 -18 -15 -19 45 -16 -14 33 39 1 -2 -15 -26 18 -31 -41 -26 44 -26 -26 34 -17 -33 22 -24 -17 44 -37 37 8 -28 -4 -24 -41 -35 9 23 -43 27 34 -10 -1 28 37 16 -17 33 20 -20 34 14 16 20 10 -12 22 39 -28 -30 35 44 5 42 31 -15 -33 -42 -7 -8 -12 30 -26 20 22 0 -35 -20 -13 20 16 -15 7 23 -36 -27 38 -16 29 41 0 44 -29 -37 -5 8 -32 29 45 -21 11 -8 -15 -42 6 2 22 -5 44 15 49 10 27 -23 15 -30 -49 -13 37 42 6 32 -1 -25 -25 0 42 26 -46 -34 -47 -3 -45 -23 -11 43 0 9 30 -11 29 -12 -8 40 32 41 -27 -21 -39 3 38 -18 13 9 -2 -28 49 -19 37 -23 -12 8 25 -20 34 -8 -36 -46 -45 5 -38 18 40 -31 2 -3 -8 39 -1 -27 -42 34 7 0 -37 -42 18 -14 42 47 -20 -30 -25 -8 31 1 -21 -12 -35 27 20 -3 23 32 -21 49 41 26 33 25 -10 -25 -47 42 34 -9 -3 22 -10 49 -34 -40 33 -29 26 23 40 -4 -30 3 22 6 -12 40 -30 -8 13 16 43 20 42 -48 -33 9 -47 23 14 -21 -19 13 26 -9 18 24 46 -28 0 -10 16 -13 3 14 5 -21 -35 -3 -24 -47 -7 -10 -32 -38 11 -40 37 31 12 4 -2 0 -38 -3 -43 -7 -37 -32 15 -4 35 -14 -22 -32 -2 -19 25 -43 -18 45 0 8 -20 5 15 -34 47 -40 1 11 -33 42 4 38 5 -33 16 49 31 -38 44 2 1 -22 39 -41 2 -43 -31 20 -45 -7 15 47 -48 -43 -11 -48 8 3 38 -10 -48 -21 37 28 -3 32 42 47 1 -39 -39 4 6 6 -20 -29 0 -9 21 4 -33 -20 11 -17 -47 27 -14 -46 -41 9 -40 -4 1 -48 -45 -43 -7 -31 25 -15 -25 41 42 -49 11 31 -29 -45 20 15 -38 17 20 -5 -11 36 14 4 -2 -27 -30 -49 -1 45 9 -23 -4 -36 -10 -6 19 39 19 36 14 -25 3 14 45 -18 -48 -3 -1 -22 9 38 -16 4 46 -1 22 14 2 -34 -44 42 49 -42 24 7 21 -29 42 44 22 7 -18 -49 -23 34 -44 8 22 28 -23 -30 48 19 -25 -10 1 44 0 36 20 3 27 43 -21 -43 -45 49 36 -37 -26 10 39 -31 16 38 -42 40 -12 -32 -48 40 1 23 -40 20 0 6 -45 0 15 -6 11 1 -32 48 -22 -25 -43 21 -1 -21 43 30 45 6 31 -8 10 -8 -17 -35 49 -20 5 19 28 -43 6 16 32 -44 39 -12 37 35 42 -1 31 0 -17 37 -20 -39 13 24 19 9 -42 28 28 28 24 -45 1 -14 27 12 38 -18 46 30 42 19 16 -10 12 -19 33 -17 -7 16 -6 -49 -9 -44 -29 28 31 10 -40 -1 21 46 34 33 30 -19 43 15 -21 0 16 40 -7 35 -23 -39 -8 18 33 15 10 -33 -35 -32 14 20 -6 -32 -4 -5 -27 -10 47 30 27 0 -38 -11 -15 -33 -1 12 46 49 18 38 24 -25 -8 48 -48 -16 35 -13 11 -7 -12 -6 37 45 12 -48 24 -17 -6 25 0 42 -37 -17 18 -15 -15 31 -14 -5 -40 29 44 48 41 -34 2 26 19 -25 -6 -35 6 27 -35 -31 -37 21 34 22 43 -10 37 42 -38 28 -5 -10 32 -35 -43 28 4 -38 14 13 -17 -13 -22 3 34 -29 6 34 -10 14 0 -32 40 0 40 -35 -16 -2 -3 18 -31 -1 -13 10 -47 -41 -12 0 12 -20 35 -48 0 -22 49 -12 -1 -49 12 -36 48 18 -15 35 34 -43 -41 -21 -31 -48 -15 4 -3 -12 40 -13 -34 -18 -28 21 25 33 45 35 6 47 9 -19 -12 23 -6 -44 47 48 -46 23 3 -41 28 48 12 2 -41 -11 49 -18 -23 -8 7 -22 -38 -2 -46 -26 -9 45 -21 -34 -42 -39 39 -36 6 -1 40 -38 -36 -11 -34 2 41 -9 45 -42 -16 8 -26 -28 15 48 29 40 39 15 47 -25 33 41 16 -40 29 18 -46 6 -16 -24 -3 10 9 36 -34 -41 25 -29 -37 -45 3 8 -27 15 0 -31 -28 48 -46 39 -6 2 36 -13 -35 45 -13 20 45 -33 -24 -23 18 -10 34 27 48 42 -43 21 15 -44 30 -8 37 -45 -46 40 -7 -17 -32 -41 -40 44
 36 -28 -17 19 3 -42 -35 -11 -39 8 -25 18 -30 5 8 -48 -2 -25 -39 3 -21 -19 -5 27 -19 -27 -20 -38 46 24 -16 -40 -43 34 35 -44 -28 -15 0 5 -5 -36 37 -34 46 27 -23 -15 47 -9 27 18 34 3 11 -6 -30 -19 -43 -41 -22 -49 11 -29 -7 -18 23 0 45 -12 -21 17 -2 41 -8 24 5 38 -14 -22 35 -22 -1 37 27 44 16 33 41 -12 37 -34 36 45 33 18 11 -28 -14 4 43 8 32 10 11 3 1 33 38 34 -49 -30 -18 -27 2 19 13 16 -48 -45 -30 14 -26 -8 42 28 7 26 -27 43 33 -3 0 -39 24 17 28 18 -11 -11 0 34 14 29 -4 4 49 -18 -46 -49 -48 34 34 -1 -3 9 -6 -25 -25 19 7 -26 -12 43 0 -19 -22 -31 -13 46 -43 -44 25 -45 33 15 16 44 17 8 38 -10 -45 4 26 31 -20 -35 21 6 41 40 -9 -30 -22 40 -15 10 25 13 34 32 -36 -30 -9 19 46 -8 1 40 -18 -46 -14 -45 -20 13 8 13 -27 6 -34 4 -49 38 41 20 41 49 48 19 -2 -49 34 -19 1 -36 -48 -28 23 -38 -36 -37 37 31 40 5 45 -20 -44 9 -37 -32 8 28 -16 0 3 20 31 -46 -17 38 31 28 39 -48 2 -19 -38 -24 -15 -21 13 -9 49 27 37 -1 -21 -11 -4 -32 16 -36 -47 27 14 -7 9 -48 12 -17 -21 -33 24 -44 -34 37 44 2 4 -8 -39 -39 48 49 0 -26 39 1 -28 44 33 -38 47 -33 16 30 -45 46 25 -33 -48 17 -9 -46 4 -21 38 43 -12 -3 -34 31 -27 10 -42 -43 43 -38 -39 -12 37 24 46 3 3 -37 -1 -10 17 -27 -13 8 5 -16 -21 -27 31 36 0 -15 38 0 27 45 -1 -43 -49 18 -18 23 -33 -16 22 10 30 -21 13 32 -22 -21 49 -39 -38 27 -33 -43 -26 18 33 5 42 25 -2 19 14 -11 -28 47 -10 -23 -31 40 0 -43 -33 -28 6 25 -13 12 39 11 0 -6 -49 41 -20 -45 -7 -38 -28 -16 -15 43 3 -9 14 40 -49 -10 7 -48 -24 16 -29 49 6 -25 41 31 49 -5 32 -12 15 12 0 -38 -10 -8 23 -24 33 -26 35 24 30 13 -13 36 45 47 44 39 28 -21 -2 28 -36 8 -26 -2 -37 -3 10 -17 41 -7 39 -1 -23 -12 35 5 17 43 -32 11 -11 45 20 -44 -21 -32 -27 -13 -43 13 33 27 26 -17 -8 -31 1 29 -12 -41 19 -36 17 16 43 13 44 13 16 2 27 -39 15 -25 -16 26 -19 -7 -2 32 -17 27 -46 34 36 22 32 -6 -22 30 -25 19 -30 2 36 31 -3 -37 -44 49 9 10 -49 -17 34 17 2 -21 4 -6 -15 -13 9 7 3 49 17 -5 -43 -35 42 43 -24 6 41 24 1 19 19 38 -14 35 -41 14 -23 35 11 43 7 -49 2 -35 28 19 -31 12 -3 -47 -43 -11 25 42 -45 -47 3 -15 33 -25 0 0 47 9 -20 29 -21 -47 0 -13 -46 7 -42 27 -25 -37 9 12 -45 -36 -33 36 -29 -9 -41 20 9 10 -27 36 23 -30 -17 30 16 13 11 28 24 29 -22 37 -5 26 -47 -27 33 1 38 48 -32 -42 45 28 29 32 -14 49 15 12 -15 -9 -2 -43 2 14 -18 -44 -34 9 -9 -7 43 -43 37 -20 -30 22 39 -24 -13 -38 -24 11 -40 -19 46 -1 -5 46 -30 36 36 -49 -9 48 -2 -4 -38 42 15 -48 4 0 -5 -11 24 0 -39 -17 3 -13 24 -2 5 22 -32 -35 40 -14 -45 11 29 37 -40 -25 43 0 49 13 -30 41 11 11 26 12 -44 34 49 22 36 7 2 -20 -31 7 22 -42 25 18 45 -34 -29 17 -19 26 -48 -2 -12 33 28 -44 -1 33 7 -10 -7 -38 34 4 9 -28 21 5 -30 8 7 -24 -29 -11 11 -9 2 -6 -3 -40 -40 -37 32 2 -23 25 12 17 -23 -22 8 31 -10 -36 -36 7 35 36 -49 -46 -20 -4 -7 21 -27 -6 45 18 -29 -7 38 15 -15 30 34 -10 38 -19 30 8 18 47 -42 45 36 -41 40 38 -43 36 -46 31 -41 2 12 11 18 47 -49 -5 45 -41 -1 -2 -18 -36 41 -12 -34 22 45 -2 -49 38 -6 -5 -9 0 38 -12 34 -45 -17 34 -19 -33 -14 31 45 -41 -48 -41 43 -25 -15 11 37 -4 -24 19 2 39 -1 43 16 13 7 -43 3 -48 -33 -38 -38 -32 20 22 -41 -10 36 43 -32 13 17 -3 -34 -8 22 -28 20 -18 1 -3 -4 -46 3 46 -24 -24 -9 -45 33 14 -38 -9 39 -21 -21 -49 34 -48 32 46 36 12 -48 28 -39 49 21 41 28 -13 3 -6 30 35 -21 33 30 43 -6 35 5 -45 10 8 -48 -23 -24 -12 -33 -38 48 -7 -33 3 30 -35 28 17 -38 16 -13 -36 11 -29 3 3 -7 -22 16 -46 -33 -16 -49 -30
 11 25 -12 -49 -13 32 -42 -41 35 23 -26 40 12 32 38 25 -10 25 -30 45 -45 41 -4 -28 -23 -11 -41 11 14 2 8 -41 -36 -35 -2 22 24 -45 23 -33 -12 35 -36 47 -31 -1 -41 -33 4 -33 -7 8 -42 -47 -12 14 19 29 38 47 17 -14 -23 11 -23 29 -15 -49 -47 -45 18 -7 13 46 -25 37 -10 5 -38 7 -37 -16 38 31 21 33 36 -5 -32 4 -1 -39 -35 33 -48 18 8 -31 3 3 -20 0 19 42 17 2 -41 -5 -40 11 7 -43 -44 -16 -10 10 -9 20 -9 24 4 24 11 43 -13 -26 -8 31 -49 -49 -9 5 0 -37 27 10 10 -48 -18 16 25 19 40 -47 43 -23 31 -20 -21 -6 40 -15 48 -11 -27 -20 -24 6 26 -16 -43 40 21 47 -14 9 4 16 -14 16 -43 -47 15 33 -48 15 -49 42 -32 7 -34 30 0 27 8 9 33 46 9 -18 -20 -11 25 -41 -17 8 15 13 -47 -38 -4 43 -18 8 32 17 10 0 15 0 36 -7 -30 15 -22 10 -15 -13 34 -23 45 -22 1 -46 6 -43 10 -7 -42 -21 -18 -44 26 3 -28 37 31 26 -32 -19 43 44 -45 8 -38 16 16 -42 -47 -34 -20 -35 10 -5 -15 -2 40 -33 11 -7 30 40 -28 -29 -46 -44 30 7 1 -29 -39 4 -47 41 -11 -46 39 -21 20 34 7 39 45 6 -32 26 41 -7 24 -4 -22 -23 -1 18 -31 37 37 -13 -1 5 -28 -27 -25 31 0 -14 41 -3 -46 10 26 -7 13 26 -9 26 6 -43 43 -11 4 6 20 -6 41 47 -49 47 -8 20 39 24 44 -42 16 -6 -11 0 -47 37 -20 -3 -35 -30 0 45 -47 -28 -28 -26 -1 38 24 30 -41 -47 31 -19 -35 -16 -25 18 -17 -11 -47 -35 41 48 48 -43 -17 29 42 -5 29 -37 -2 25 13 40 -19 -15 16 32 18 35 -24 39 49 17 24 4 -12 36 34 49 -19 6 0 38 -29 5 24 -35 1 24 -12 22 -27 25 -22 27 26 15 -45 25 -10 -20 35 -41 -8 -37 41 10 45 15 35 27 -36 -36 38 45 15 -34 0 -14 6 -11 -28 -5 -33 5 -46 22 37 31 -30 3 29 17 3 -7 3 48 -10 -11 0 -20 -7 29 -23 -18 35 27 -2 -16 -49 -3 -31 -36 19 36 -41 46 42 36 -11 -9 27 -36 33 0 18 25 -20 8 12 18 16 33 21 -21 -45 26 2 28 26 8 2 -38 7 -41 -17 23 24 21 -46 18 26 1 -6 49 -10 47 17 -17 17 7 41 -14 7 2 17 37 42 25 -40 -31 0 15 -38 12 31 35 0 18 15 -12 42 11 27 40 -29 5 -47 -46 -44 18 -38 -31 46 -7 3 14 -2 -40 0 0 -3 -13 35 -24 -33 -40 38 -19 27 11 -48 -35 -1 -34 -8 25 -43 27 41 -33 -37 9 28 -4 -27 40 7 -34 25 43 -49 -40 -40 -9 47 -5 -44 35 -19 -13 35 -31 4 -47 35 -27 17 -3 -24 -27 -10 19 30 47 -7 -44 30 19 -22 -23 13 17 -26 -2 -27 -22 -25 16 11 -45 -33 35 -7 47 19 20 27 -7 29 46 -39 15 28 -37 26 5 20 -48 19 46 -22 43 -27 10 37 48 46 -1 -24 0 -29 -26 -46 26 28 30 -14 -39 15 -18 43 23 37 8 12 0 22 28 -15 37 14 -16 -30 -3 -18 -2 -34 -1 47 -17 6 -39 45 25 -45 -42 16 42 23 -15 25 -33 -11 -9 0 -16 30 5 -23 24 -29 -35 17 -21 14 -43 17 21 48 2 -12 -32 -2 -47 40 -30 -22 43 -10 -35 -8 29 22 -32 30 19 24 46 36 19 -14 -27 -44 26 -39 36 34 -44 -27 -24 12 -18 -1 31 25 -49 3 43 9 -8 -10 -30 10 26 -41 -14 -23 34 -41 -4 -6 36 3 -49 23 5 -4 -39 33 3 24 13 -2 47 -37 -24 -24 16 14 -35 -6 -11 -41 46 8 13 -34 -18 -38 27 44 -9 -5 41 26 3 -22 -2 3 34 27 40 -30 35 -42 32 -13 7 -49 30 -8 -27 5 -46 0 20 49 -37 -23 -17 -25 -9 -20 48 -21 -12 -49 9 31 1 20 -14 -12 -48 10 -46 6 37 -28 -31 -32 -13 -36 47 -16 12 -33 35 21 -49 25 46 -48 -38 -18 5 -30 36 -22 26 8 42 -8 -26 -12 5 40 6 -35 -17 -35 7 -40 12 -37 8 -46 -34 2 2 15 38 49 21 47 -38 32 -48 6 -27 35 8 -46 -25 -49 20 -1 38 -36 -11 -31 7 -29 39 22 12 -20 -33 34 1 35 -8 -29 41 -14 20 -16 29 -41 -19 24 27 -32 3 22 41 -8 9 41 28 0 11 37 -8 -17 -37 -9 -27 27 16 -11 28 26 10 -27 40 -37 -7 -28 -37 -48 -6 19 5 -11 -35 -22 -26 -37 -41 9 -42 9 40 -30 17 16 -26 -9 -9 49 7 -39 4 17 8 -33 -13 12 37 15 48 -22 7 -35 -44 43 -37 7 -1 9 -17
 -20 9 -38 -32 -43 -31 13 -35 -42 47 -25 41 -17 31 44 -40 -36 33 -12 42 26 -12 14 12 19 -13 -10 43 -43 -21 -23 -30 -21 6 10 49 -24 -22 41 -14 17 21 -11 9 -42 35 22 -20 13 26 -33 0 -26 -39 -29 39 -27 39 49 -31 -43 -9 -30 -42 38 -41 -39 3 0 -9 3 -37 40 0 -49 -7 -49 -48 -4 2 39 -32 26 49 17 -3 -46 -40 -40 -4 39 40 33 -21 -41 -45 28 33 36 26 -39 30 0 4 49 -19 -36 9 -21 21 -43 10 -40 35 0 -42 -12 9 13 18 -32 -25 0 0 13 3 -4 42 -38 -47 -2 29 -44 34 21 -49 14 37 -49 -41 9 14 -2 47 40 27 24 1 0 33 13 -4 19 -11 4 -7 23 -38 0 -36 -31 -13 25 5 -23 -31 48 43 -43 4 0 -37 5 37 -42 19 -12 -16 0 38 -1 34 -15 5 -16 -44 31 10 41 14 21 42 23 0 17 29 -12 -10 45 -37 37 -4 -34 40 -12 21 45 32 -49 -11 -22 -17 5 -25 2 -35 12 34 44 17 26 -30 -44 20 7 10 22 -31 46 10 -44 -42 39 32 -47 39 -39 24 -38 22 27 21 46 -25 -26 -49 -17 45 31 49 -37 -6 37 -4 22 23 43 16 36 -45 -47 -4 -20 43 2 -43 -47 -5 1 9 -31 19 29 -38 24 44 25 21 -34 -21 -4 23 -26 39 38 -42 -3 0 46 -39 -3 29 0 -47 14 0 9 -14 -34 -20 -49 -4 -34 -40 -41 -9 -19 -32 -10 -10 49 34 21 42 3 -24 17 -1 45 -23 15 -28 -6 -49 -14 -20 9 27 41 21 -3 47 -18 -33 -35 31 -36 -23 -24 -31 23 33 47 -16 -42 -3 -43 -43 -19 -22 0 -28 48 -33 -17 49 48 -21 -25 -46 -21 -42 -16 -6 39 -10 29 41 13 -1 23 45 12 -16 -25 -7 25 5 -35 42 -38 5 -24 -17 46 20 6 7 49 20 24 30 -30 -46 5 -39 1 48 32 18 -32 -9 10 -45 21 -19 46 17 32 27 -16 30 -24 -33 -10 48 44 6 -5 -4 48 45 -15 -30 -7 -44 38 -40 -47 23 -49 1 -26 29 -18 10 20 -49 25 39 -37 -15 -1 23 -7 -9 -3 24 21 32 41 -32 -33 -44 26 32 41 -20 -31 0 -27 22 -30 -37 26 12 16 -36 -24 -23 37 -35 -11 15 -46 7 -22 5 -23 9 3 0 -31 -17 -45 -24 -46 -29 -35 27 11 0 -26 -31 -28 48 44 28 -7 -43 -3 16 49 -43 -41 46 35 6 32 -14 0 42 39 -37 35 -22 -16 4 44 -40 -41 17 -33 -15 -7 -42 16 -8 47 -45 23 -34 15 -9 44 0 47 -9 -38 -43 28 15 37 -11 -35 -43 -47 23 -25 0 47 28 27 -41 32 -35 4 11 -27 38 29 -33 0 -39 7 32 -15 34 -43 -5 -30 15 31 19 -42 -22 -15 20 0 10 29 -25 10 -19 -21 12 -42 -1 -40 -3 -48 0 -18 -2 36 31 18 12 -2 -10 -24 -43 5 -49 -21 -11 -17 -22 17 35 -48 40 -6 -45 -46 3 -19 42 -15 -49 6 -1 15 -38 -42 -7 -36 5 30 -43 -15 11 -14 -38 15 4 6 22 -31 34 -31 -2 -13 -23 -28 -21 -37 12 -26 -18 26 -32 -18 44 0 -7 -9 -37 39 8 35 19 22 -18 -29 -31 42 35 -41 14 -23 -36 44 -28 5 30 -30 26 -19 -27 32 26 -4 3 49 24 19 4 -46 -37 47 8 -37 31 17 35 -17 -37 34 30 25 42 -24 8 -40 19 -34 5 -12 7 -23 -31 0 49 -38 -22 -2 -22 -34 -4 -33 46 22 1 -39 38 -31 30 -46 14 39 -11 -11 -45 42 18 -25 19 -34 -22 -26 -5 45 -41 -33 -42 48 -36 10 -48 37 -22 11 22 9 9 12 32 -12 31 36 -26 -21 1 9 20 30 -1 -28 27 -39 44 36 24 -41 -26 2 47 -15 26 6 -32 13 47 10 -33 -23 -34 22 49 22 -28 39 42 -36 10 -35 -16 -38 35 11 -42 -7 -1 8 19 40 -30 46 1 23 45 41 -26 19 22 -36 29 -12 -13 16 -29 15 3 26 1 1 28 11 -8 -38 -14 -44 33 -9 41 -31 19 -11 -21 47 31 13 32 31 -48 1 28 -25 -7 14 -40 47 -3 -29 -22 -3 32 8 37 -32 17 7 -36 34 33 -17 -38 19 2 -14 -5 -39 -17 -45 8 21 -30 -15 11 41 -9 37 32 -16 41 15 35 37 -19 46 0 20 18 -19 49 -12 -19 -39 33 -31 -9 16 -44 -40 -11 15 19 -5 -49 -27 -21 -4 -23 46 -21 -11 -42 31 -17 -34 36 -2 -20 1 44 -46 -25 -44 15 -8 -28 -48 13 -8 -49 7 -2 -41 -18 -38 -20 -3 33 -18 -26 29 -45 11 20 -15 44 30 -28 10 4 -17 39 48 -30 33 21 -19 -15 -2 -24 4 15 46 41 39 -17 39 -33 36 21 4 -17 -27 6 48 31 -2 28 -40 45 25 24 -17 33 19 17 0 -22 -34 -43 -43 16 -35 -18 
 -20 32 38 24 -43 22 -24 44 38 26 18 -23 -37 -26 17 18 -25 42 47 8 -3 47 44 30 -19 44 21 -38 36 23 7 -48 42 20 -42 -10 28 36 17 -44 5 26 34 33 3 38 15 39 49 4 31 9 -5 20 30 -13 0 -14 11 -38 -25 -11 38 -11 -40 -42 0 -5 -45 -17 43 35 2 -22 34 24 -4 35 -2 -20 13 -33 -15 49 -22 29 -23 24 -12 -18 -31 2 -10 -18 -12 3 -20 -36 6 33 27 18 35 31 -16 -48 24 36 -15 4 -12 -35 -4 47 16 -19 -32 33 22 -44 -39 -2 41 -1 -41 -4 43 -1 -30 -3 13 8 5 -19 12 26 -13 2 -11 -39 2 -20 20 36 -27 -30 -5 49 43 -9 16 37 -22 0 31 -6 2 -17 -34 -29 32 -16 7 0 35 15 -17 14 38 -21 5 21 -10 -41 -7 -1 17 1 9 -46 12 47 19 18 -32 -11 -22 -9 8 47 -38 -42 -49 16 4 -25 42 -16 -9 4 43 11 22 43 -8 -47 26 12 39 9 29 -16 -36 -9 -15 -11 -40 14 13 -4 -16 -17 -43 -19 4 32 -26 19 3 -27 -32 -7 25 -3 -5 14 38 2 45 30 -34 6 41 23 29 -46 37 -43 6 46 -40 -25 37 -8 -41 48 0 20 -6 23 -8 34 37 -43 -6 29 43 -34 -20 42 46 -48 -18 -19 -12 -29 -8 -18 -25 -17 30 4 30 18 21 21 22 -36 30 24 -34 -34 37 39 -31 -20 -22 -32 -28 18 36 -37 46 36 4 36 -33 0 -29 -46 -26 -41 -41 -49 -33 -18 43 -28 7 -26 -31 -45 6 4 -20 -11 -30 25 25 -32 -6 -44 30 14 23 11 36 -32 16 -26 1 -9 10 45 27 34 -9 38 36 -2 0 -24 8 0 -36 -20 22 12 -23 11 -21 -45 26 41 -16 44 16 21 46 11 29 -47 15 46 -49 29 43 -16 -21 18 -18 -23 -41 -25 -32 -20 -42 -12 39 22 -23 -9 25 14 25 -16 15 28 -49 -17 17 29 41 -22 -9 -1 18 1 45 49 39 11 40 -15 41 -7 -3 -18 -31 -4 11 35 -15 24 -14 44 -37 -23 -32 -18 44 43 -40 -35 12 -46 -14 17 -45 -47 21 18 -20 -30 48 -40 -25 17 17 40 13 8 -27 8 27 48 33 -40 -8 11 48 10 19 3 -25 -7 36 32 -24 30 -22 43 31 -32 -26 48 49 25 5 -31 -34 38 28 41 49 13 42 49 -20 0 37 12 -5 -4 21 -28 -31 -24 25 -24 13 -38 43 -22 -7 13 -19 46 41 -43 -17 43 33 0 -47 34 -23 26 25 4 -31 -33 4 -44 48 -12 15 15 -14 34 19 -19 -32 -17 -43 -43 21 -43 11 31 -22 -15 -9 43 -31 -1 13 31 29 7 -19 16 -21 28 -10 39 14 28 2 19 -27 -3 -6 -35 35 -32 -2 16 9 25 -25 7 46 -10 38 17 0 24 -15 -19 26 11 4 -15 28 14 19 30 15 -20 35 -39 -7 28 45 -32 38 -15 -7 -19 5 36 -7 -34 -25 21 -45 9 -49 8 -15 -24 -16 -8 41 -35 25 23 -42 -48 -40 -41 44 -5 -11 -30 -17 -46 -20 -18 5 -40 -17 -34 -38 -31 -41 25 -33 -8 -1 12 -22 -32 -49 -11 -21 29 -17 -26 21 5 -40 18 8 -21 39 47 27 6 -31 -8 17 -7 -9 -31 46 -47 -27 9 19 46 -49 31 -11 36 16 -37 3 -5 16 -36 -22 0 -23 24 42 -42 10 -35 -4 -26 6 -19 26 -39 -17 -28 -34 -2 -32 24 -6 4 18 25 -35 -46 -4 -19 -31 10 -29 43 -16 3 -43 12 19 -49 22 -6 -36 -33 -28 14 -4 -22 -33 24 8 -25 45 -4 17 19 45 16 49 -5 19 31 34 44 33 -11 -1 3 30 36 -30 -47 -19 -16 42 -1 -8 -46 -40 -25 -39 39 35 -18 1 8 -15 -16 9 13 0 -17 43 -48 -30 22 -5 17 -7 -5 -27 21 45 28 1 -3 38 -39 19 -33 -47 -30 -22 44 4 -5 -6 -10 -38 46 -10 -25 -30 28 -37 -43 -40 5 45 20 40 48 -42 40 -48 15 10 -21 18 -44 29 -14 11 -5 38 6 -21 -35 22 14 15 -36 -3 -9 18 -25 -49 13 0 19 15 -28 -33 -30 -4 25 -39 15 48 20 31 27 -47 40 -25 25 9 -10 -28 -36 32 -4 36 17 -27 -35 42 27 9 10 -46 37 40 -41 -11 6 38 4 19 -17 44 30 -21 0 -43 26 48 -33 -19 18 -27 -48 38 -39 0 -26 11 -45 -49 47 11 -1 22 -42 5 19 -33 -32 -49 45 29 -25 9 19 17 14 -2 -38 -41 25 25 8 -26 36 -48 36 -31 -34 -49 16 7 -33 46 5 -44 7 -25 8 -42 26 10 -11 -18 -10 -9 -43 -3 -49 -31 32 -40 12 16 42 7 10 -15 11 -6 -44 -32 37 -36 14 48 2 20 -23 -47 32 -10 29 -23 -22 -12 -28 -36 -44 49 0 -40 14 13 47 24 -9 -48 37 -5 47 23 -30 27 -12 -37 31 34 -11 33 -45
 -22 -11 0 -6 -34 -19 34 30 8 49 -45 -4 34 -34 -30 -49 2 -17 2 -11 33 14 25 16 13 -43 14 -30 18 42 39 -40 4 2 13 20 29 -45 -27 26 -2 8 10 -2 19 24 -34 19 -44 -9 -5 -47 5 -26 -38 46 -44 19 18 32 -24 44 21 0 -24 -5 -28 33 6 12 -49 23 -4 -34 -16 6 40 -19 -9 -8 -39 5 -43 -48 41 0 22 19 -13 7 38 30 31 -48 -29 -26 24 -28 -7 -24 27 -33 30 27 16 -14 0 16 -22 -35 38 -6 36 2 22 -15 -36 39 -15 -37 -2 -47 49 -26 12 -21 -2 28 36 -31 -36 37 29 -10 32 8 9 24 -31 19 -3 -20 -38 -27 -21 -25 -48 -11 -30 -3 31 -1 25 39 44 22 41 -10 33 4 5 -26 15 41 39 11 36 14 -34 26 -36 44 4 32 27 18 21 -24 -1 -19 44 -18 41 -30 33 -27 47 -12 -29 -18 21 10 8 41 -28 -25 13 -26 -36 49 -49 -12 34 -41 -17 -24 21 26 11 -8 48 49 -13 10 -40 -37 9 5 14 47 17 3 -21 -17 -10 46 -1 -25 46 25 -46 23 -15 6 -49 38 12 -28 30 32 37 21 -25 15 48 -9 -10 16 12 35 -20 47 47 2 -13 44 36 13 11 -25 -13 39 1 49 -45 -5 -24 -35 8 47 26 -5 33 43 -35 -9 -16 -30 31 40 -8 -7 49 10 -5 -48 37 0 20 -43 -15 -23 29 -18 -36 -39 19 39 48 -36 -29 -36 5 -46 20 -23 -29 -40 24 45 24 41 11 13 -8 -33 -48 -19 1 -7 -31 14 4 21 24 -32 -11 12 30 -33 -32 -45 30 -20 -1 6 39 46 -26 -42 -43 -2 34 -36 -29 15 2 -32 -27 -11 -24 39 4 40 7 46 -18 -42 -12 24 -46 27 14 -43 -29 36 24 1 15 -17 43 2 -11 16 -12 0 -37 36 32 -11 35 33 24 -17 -37 -6 28 -45 8 -11 -41 -29 -5 -31 34 0 -43 23 -16 -1 7 -24 40 -49 -49 40 -30 43 17 30 24 -23 -25 36 -3 24 0 31 40 -32 0 -1 30 0 -19 -44 13 -1 45 5 4 -29 11 1 -19 -17 22 45 -2 -33 42 35 -11 -11 -29 34 19 -11 -26 2 -11 -29 -14 12 -44 17 -1 7 46 -24 0 -49 -3 34 6 10 14 26 -46 -7 -10 -35 -39 22 2 10 42 -30 -6 -25 -49 -32 -39 -26 -18 3 1 44 7 -27 -31 -10 29 -19 -16 2 -16 -7 -27 -49 3 20 -41 -42 9 -15 -4 -18 28 -36 -16 -29 -25 -29 -48 48 37 -13 41 14 -33 19 -22 -47 31 -26 13 -20 20 -11 -6 -44 37 38 -20 30 -14 38 -31 8 47 -45 5 -27 27 45 43 -1 14 6 -43 19 3 33 45 7 -15 29 -5 29 -35 -11 24 23 -14 -8 9 -26 -33 -40 -12 39 35 39 -21 20 -45 27 28 -25 -48 -20 -19 4 -10 19 33 2 14 -20 -4 14 20 -49 -20 39 -31 -5 3 43 3 -4 -23 -34 -33 -31 -25 31 27 14 -41 -14 22 -18 -8 1 -43 3 -22 34 47 19 44 5 39 7 5 30 -39 23 -9 -42 -16 19 -31 -4 5 -30 32 -13 7 32 24 -10 15 -24 -5 -47 34 -6 44 37 -38 15 -3 25 -20 -22 -4 41 -3 -48 -7 -24 38 -8 35 -38 -1 -43 49 -33 6 -27 12 -36 37 34 -38 0 6 -4 46 9 -46 -20 -24 -46 -24 -30 30 -26 -30 -37 -47 10 -33 -12 -31 -23 -14 -21 26 39 0 32 -49 -29 48 -13 15 31 -3 30 47 -40 -7 -38 -4 -16 42 0 -20 46 -34 -20 40 -7 43 -17 -5 -44 -40 -5 -32 -29 3 22 20 17 -35 -40 43 -32 -16 43 -22 34 40 38 -30 37 -7 8 -21 11 -8 -49 -35 28 20 -37 15 -20 35 -28 13 45 -17 45 18 -28 39 11 -4 -15 -45 40 18 -46 -47 -47 -45 30 26 -47 -20 1 -36 -18 -29 -13 -8 -48 -7 -26 -9 27 11 -47 -36 44 -8 2 21 35 13 20 45 2 26 -44 -16 43 -20 8 -38 -5 38 2 -45 26 45 -38 -36 6 41 -46 -3 13 22 -34 32 22 -48 48 -15 36 -33 12 -6 -23 11 -4 -25 -21 43 14 -15 46 -4 -43 10 -2 -44 11 29 17 17 -13 -40 -22 46 17 -21 27 37 -39 37 7 23 5 22 19 -30 9 -28 -4 48 34 30 -43 -44 31 48 13 1 4 49 -32 -44 -20 -23 18 -34 -37 23 10 -43 11 -4 20 -49 -25 31 -47 7 16 12 -18 47 38 49 32 -22 13 11 17 -9 -16 -2 27 -29 -49 -20 -36 -37 6 -19 -36 -37 -27 15 35 16 -20 -33 28 -4 -7 -29 43 39 15 -30 39 14 -35 -18 -44 -6 26 -45 33 -12 1 -44 -20 -34 -18 5 -24 22 0 -5 -20 1 0 45 19 0 -18 -42 46 -12 -31 -15 37 0 20 -40 -32 -39 0 -26 -49 -31 6 -10 31 -43 -35 -14 -27 -5 -9 4 -31 -18 32
 -35 42 -6 41 27 0 24 2 46 23 -18 -27 36 33 -36 10 -47 -41 43 15 -39 28 49 36 -49 -47 45 38 5 -24 43 46 -27 14 -2 44 44 -31 26 -49 45 46 19 7 39 9 27 -21 4 27 34 -28 -19 47 -17 0 -40 48 1 -32 -24 8 -47 -44 0 20 -7 27 -22 38 0 9 -41 27 -6 -22 7 32 20 -23 16 -16 15 40 0 -13 -9 41 9 -47 10 14 -33 41 -11 -5 30 -25 -32 8 32 -28 -18 36 -16 -13 -17 43 15 47 49 -45 44 34 33 -15 -47 42 -6 -42 47 -6 32 7 28 -12 44 -38 20 37 16 0 2 -13 -44 -43 48 30 8 -49 -28 43 -19 -29 -3 -8 -25 25 -28 20 -7 45 -9 -11 -28 -21 18 -4 38 45 -38 -6 0 8 -35 -17 28 -3 -22 16 -48 2 23 21 -12 -44 -7 16 -4 2 25 47 14 -26 -1 27 -8 27 -16 -39 33 -29 9 47 11 9 13 48 10 42 43 -11 -45 -8 -38 37 -29 -10 -49 46 42 -39 19 0 -38 -34 2 -19 14 40 -20 -31 -8 -17 43 -3 -9 -13 -46 27 -38 45 -20 -36 -46 -6 -30 -6 -36 -17 33 21 36 31 21 -8 -29 -23 -24 -3 33 0 28 49 7 32 -11 6 -26 19 -15 4 0 -7 17 48 30 -4 47 44 -19 36 33 -3 12 45 -10 -21 -31 -32 -8 3 11 5 -20 -7 37 36 -29 13 -17 -24 44 -21 -18 36 48 -17 15 4 43 -9 -12 -8 44 -21 -8 9 -30 13 7 12 34 -26 11 -45 -4 10 0 -15 -12 47 -39 -14 -43 39 28 -28 -47 40 -43 19 4 21 2 -39 -24 5 -2 39 -4 -22 -19 -35 -19 20 47 37 -19 -45 -34 -44 -14 -43 -36 -2 -45 47 -39 35 42 18 22 34 -45 34 -44 3 47 -48 -33 27 12 16 -48 25 -35 17 14 47 -34 -32 -1 18 -4 17 -24 26 8 -43 -33 23 34 2 -6 -38 39 -15 1 2 -28 28 -47 37 -16 38 -38 10 27 5 23 -1 -26 -44 25 29 -35 42 15 40 -17 -33 38 -19 12 -30 8 21 42 37 37 -29 -42 3 41 -15 35 -48 12 -40 31 24 -6 -39 36 5 49 -45 40 1 -45 36 44 47 2 45 37 22 -5 33 -37 39 -48 -1 -37 -9 -32 24 1 42 26 15 39 4 1 20 -6 13 11 27 21 -17 26 15 24 4 8 -20 -46 27 -1 -39 23 -28 -10 15 25 -19 41 47 -18 -29 11 40 37 27 -23 3 29 12 30 -36 48 17 42 -32 -1 24 -21 -30 -10 -10 -36 15 -44 -7 -28 10 5 29 -18 -39 -23 29 -32 -17 36 -22 -33 -41 22 -33 10 14 35 -24 25 49 32 49 -22 21 -40 22 5 15 -41 -38 2 29 3 13 -14 -42 -6 28 -12 -25 -4 4 -25 -44 -21 -22 34 -23 19 1 30 1 0 14 -14 -28 -29 -2 45 20 28 0 -48 -15 -16 19 -40 0 -19 14 -7 -39 20 -21 -1 41 -2 -15 16 -37 -8 6 -40 -33 -38 15 -23 37 14 15 43 -45 -41 -29 -7 -11 27 38 45 -20 43 11 -34 -30 0 21 -26 -9 -20 -31 5 -36 -27 -2 9 30 5 38 45 -15 13 -48 39 30 17 15 -24 44 40 -11 -38 -9 -32 -45 -29 26 40 22 0 42 -39 13 22 46 8 -14 -19 47 11 -46 7 35 -20 8 -40 12 -15 -8 -17 23 5 18 28 49 28 12 -2 -44 33 -27 -1 -44 -19 31 16 -35 4 -36 30 -3 -27 21 49 -46 -49 30 -29 -23 9 -25 -3 49 -37 45 10 -12 -13 44 45 -41 -30 -9 14 9 9 -2 49 11 -19 -39 13 27 31 -9 19 41 -27 22 -6 -49 -17 -49 -20 11 -48 26 -24 22 47 43 -4 -10 -15 31 21 13 33 -3 -49 -31 15 46 -34 6 -46 -37 16 -48 -45 18 -19 15 29 -25 -18 18 48 35 18 -36 44 9 -19 -33 41 -2 4 4 -1 -49 14 -46 -3 4 -5 37 -10 -30 -12 40 24 -15 -33 25 -15 -34 -32 -36 34 -7 -1 -25 -11 26 -8 -42 5 8 45 17 -34 5 39 -26 -2 9 29 17 -1 -13 -2 2 28 18 -13 14 8 -35 28 2 39 35 -10 23 31 -17 34 -31 -35 2 29 12 -5 17 28 -18 11 27 35 40 14 35 -33 13 22 15 -47 45 -19 28 4 22 -25 -34 8 -21 -26 0 -23 18 19 -49 -9 -16 -21 -22 -29 16 35 17 -17 45 3 9 36 -17 4 -20 -26 20 -19 47 -4 37 -28 -18 -49 -2 -13 -22 -49 5 45 2 26 36 30 -49 33 -37 -44 -45 -23 -17 28 -20 -46 -22 -18 -41 -5 3 13 32 19 -15 8 -33 38 -36 46 -31 26 29 -2 46 -19 -40 47 17 -37 -15 -45 20 43 35 -4 1 -18 15 -9 -46 20 -41 -40 13 24 -46 11 -18 -46 -10 24 21 45 -24 -8 -25 32 -20 -30 -32 3 -30 -20 44 -42 -17 -47 -31 -1 -18
 -18 9 -1 8 23 -41 -16 -10 -12 -47 27 -18 22 -30 -48 35 -36 28 -21 48 -34 48 -1 45 -13 47 8 -6 7 18 -22 43 30 -4 43 -6 4 -2 -30 -49 8 11 -37 -33 -9 8 -8 27 -23 -39 2 31 -11 8 33 -29 46 -10 13 17 -16 -4 30 35 -44 33 46 25 -47 32 10 -7 -20 -32 38 39 21 29 34 30 4 39 15 -29 -39 12 -40 -44 -6 38 -31 -16 -4 -11 -5 -3 41 33 23 -32 -11 -4 46 -18 31 8 -43 34 -46 -9 -20 -38 29 -8 -24 13 -24 38 -44 35 34 -35 43 35 -23 46 21 43 -37 0 -2 23 4 25 34 -40 -47 -34 -6 -3 41 10 -25 -11 7 11 -16 17 33 -29 31 -16 -8 -28 39 13 22 -1 -13 -47 -18 22 -22 -3 28 -10 44 6 14 13 3 17 16 45 27 -18 -22 -16 -23 36 -12 48 39 16 -49 -11 41 -6 21 -11 15 24 12 26 0 13 -16 23 14 -9 -23 -26 27 22 -6 29 30 46 -7 5 5 9 29 -47 39 -21 -32 -38 -15 24 -38 36 24 27 19 22 -1 -18 6 -26 -2 23 -44 -2 3 22 -29 -39 -15 -2 48 -43 -17 -25 -6 10 41 21 13 -18 48 -12 5 -17 24 -25 -40 49 -33 40 -15 32 22 -25 40 -42 3 10 -31 -6 -18 43 38 -7 -15 46 -49 -22 36 0 -28 8 -44 2 4 40 -43 -42 -23 -22 38 -8 30 -12 -9 8 -16 -45 12 -39 20 18 -42 -17 -28 36 -1 15 5 -43 -15 33 17 42 32 20 -14 24 -32 -46 22 -21 -2 -14 -29 38 -39 16 -49 -42 -45 -36 29 -20 -8 5 -24 -30 -26 -33 38 46 29 5 0 -18 15 47 5 38 -38 26 10 -27 22 -29 -28 47 -40 -19 -25 -21 -2 -43 -38 41 20 4 -18 -27 28 -27 45 -24 21 19 -12 -32 30 -48 3 23 16 32 -24 -6 23 20 -47 47 26 5 -45 -16 41 -34 5 41 45 5 -4 15 -19 -7 -23 23 -37 -1 22 -37 44 -20 45 33 -44 30 17 40 19 -6 38 36 -48 -33 49 -24 23 -2 2 -39 -33 37 -43 14 -25 12 25 36 25 -20 -12 24 -41 48 -26 -3 -24 -33 28 -32 -13 -42 -4 -26 -7 -17 0 -21 41 19 0 -49 -11 11 -18 -38 -19 -8 34 16 4 28 31 -16 -28 46 -23 -10 24 -42 -4 17 -4 -24 47 -13 -1 -5 -39 -18 5 -2 -23 -17 -44 11 0 48 10 34 -35 -3 -15 32 41 41 2 28 -13 9 10 28 -37 42 31 22 16 29 -29 -31 27 -45 20 -27 -18 -26 11 -2 -8 -38 -39 10 21 -12 35 -11 -7 18 -34 -24 11 26 45 -39 -23 5 -30 -43 9 -48 37 -28 -26 26 31 11 -47 -37 4 35 9 10 35 33 -6 -24 -7 40 -14 -27 41 -12 30 -35 -6 -46 12 27 4 13 -28 -18 -41 29 28 -47 39 -11 13 40 -4 -37 29 44 4 6 21 -44 -24 -16 27 10 23 40 29 23 -34 11 36 -38 29 -17 43 -36 1 33 -14 -43 30 -37 6 38 42 0 19 -18 -22 -4 21 13 -3 15 -8 6 45 39 -13 23 -40 -25 -5 25 -8 -1 -32 -30 -34 8 48 -46 -16 15 -21 31 27 11 12 -45 0 30 26 0 -21 -7 -48 16 -26 -6 16 -19 43 -21 30 23 29 17 -25 42 20 -35 -2 -21 21 6 37 12 -27 18 -11 48 29 44 0 39 -22 -38 -34 -16 -47 -48 -16 48 44 -21 43 34 34 47 47 12 -15 -2 30 -23 2 -29 3 -27 46 34 25 36 -7 27 -40 26 -42 -18 -6 -15 -8 -34 -34 -15 -33 14 38 32 35 2 17 30 -22 44 47 35 25 14 25 -22 -38 1 32 -9 4 44 37 38 -27 -48 -46 0 -47 27 7 -42 -28 -37 -38 -13 -4 -30 -49 -5 -20 -10 -3 4 20 6 0 -11 -47 -7 6 41 28 29 47 -10 -18 46 19 -15 -32 29 -46 42 13 -35 1 -1 41 0 -32 -15 -5 25 25 -37 43 43 1 33 -39 32 22 -10 17 -38 30 -43 38 34 23 -21 -14 -42 28 -8 -12 19 22 -2 -30 34 27 -49 -27 -13 -30 37 -42 43 -20 -28 -1 -29 -34 -31 -20 -6 27 4 6 -21 -43 43 16 -45 8 29 16 8 -45 2 -47 35 -24 -9 23 1 -45 -2 44 -15 13 18 -13 30 -21 -22 33 39 6 11 -1 22 9 -36 -44 47 -49 -15 -28 17 -32 -27 -43 -16 -38 20 -34 -10 22 32 39 -21 -3 5 -37 37 -46 17 -34 45 9 -27 3 47 41 -9 -15 22 17 -41 13 1 8 0 26 24 -17 -9 37 -10 15 -27 11 31 -22 38 -1 -21 -29 4 -6 46 -12 41 22 30 -7 26 -28 -38 -4 45 8 -16 46 -38 46 12 19 -38 10 45 -9 -30 48 5 28 24 8 2 -7 -22 -28 48 -29 -33 -39 48 36 35 3 -16 23 -18 10 16 4 -16 36 46 -26 -28 1 -18
  -13 27 -3 1 -47 9 49 10 6 38 -13 20 -24 -25 25 48 16 17 29 2 -46 -10 20 5 19 4 2 38 47 -40 17 -18 49 3 38 29 -26 0 21 42 34 32 -35 -46 19 -26 -34 -10 -17 24 -5 -17 -19 49 18 -31 -35 3 -34 23 8 -6 -26 0 -21 -3 12 8 -46 -48 19 -43 -21 21 -7 0 -36 -44 49 -42 10 2 43 -30 -32 -41 20 19 -20 48 33 -44 36 -11 26 32 -7 29 -37 -37 15 42 20 -31 6 -34 15 34 9 -48 -28 1 -28 -16 -21 -37 45 12 2 -27 -12 -1 46 25 -9 -29 -9 43 -31 21 22 31 -37 -8 -22 42 0 16 -40 -5 8 38 -40 -26 41 48 -3 -4 -17 48 -43 -7 43 -2 29 6 42 -33 -28 -45 34 15 35 25 37 -4 -22 -29 6 -16 -31 -39 37 -43 -15 25 44 -11 -39 -41 23 35 25 -8 1 8 48 -12 -41 31 -1 48 46 38 -15 -8 26 -10 -37 43 -4 21 14 42 40 36 24 29 43 -32 -31 -25 17 0 33 3 -21 -32 -45 1 38 -46 -2 12 -17 -19 13 -30 28 46 -9 37 20 40 -27 -2 -18 -36 43 26 -26 -26 0 -6 -31 9 36 -20 -41 -4 -43 -17 22 0 25 18 0 -23 -19 -42 12 -29 -32 0 30 0 22 45 -44 -14 -49 -16 49 -24 -44 33 -30 39 -3 -32 15 42 -5 -36 18 0 34 19 -44 49 0 20 40 -37 -45 3 -20 -12 47 36 -46 -39 -22 39 -35 10 -27 37 40 -14 -6 -35 36 -13 -45 -16 28 3 -47 -11 18 -22 -9 13 -7 -29 -33 -18 33 36 44 -18 -33 47 -16 32 44 7 -30 30 32 2 -7 27 35 27 22 -18 10 38 36 25 -48 -29 -43 -17 49 31 -17 -30 11 6 -20 11 -22 -21 15 34 5 44 32 41 20 3 37 -1 -26 -11 12 -14 -36 18 41 -37 -14 -5 0 -38 8 37 -26 -12 45 -17 31 -28 -11 3 -20 -38 -43 2 18 -8 42 14 36 -38 15 44 7 45 -44 26 -15 -10 -25 -1 38 -47 -14 7 44 -25 27 -3 -39 26 42 48 -8 17 -9 11 21 49 16 -1 -48 -1 -38 -48 39 0 0 -35 -2 33 -5 43 41 43 -30 20 -22 28 5 33 -26 7 28 12 40 -6 -26 -48 -43 26 -37 46 28 45 -38 10 15 2 -41 -40 8 15 45 12 -14 -7 31 41 24 -38 4 -28 15 16 28 47 37 -19 -26 45 7 -19 -28 -2 4 47 38 16 1 23 -25 -5 -27 -39 -36 27 -30 2 5 36 31 26 35 5 -35 -36 -13 22 5 -23 -24 -3 -37 -23 -31 -23 -30 26 -38 -45 39 -29 8 -12 20 -44 -13 35 -34 -6 -2 -23 4 -13 44 39 -14 -3 0 -25 -38 -29 17 23 -1 16 -11 17 31 -19 48 12 45 -10 42 -30 -2 4 46 -48 32 33 27 16 -33 20 -14 21 0 49 -18 38 -30 -18 -3 21 22 7 3 -1 -31 48 -13 23 -30 -7 -30 -39 -27 -47 -23 47 1 34 -34 31 43 32 -2 -4 -25 27 -38 -7 -14 42 -8 -30 -22 38 -19 5 25 -29 17 -29 -14 47 -15 21 -34 -32 22 46 -21 15 -17 48 -22 -1 -28 47 12 10 48 36 -27 30 -15 7 -45 -5 -29 -22 -20 -47 -17 9 -7 11 38 44 -47 -47 -40 13 -25 32 -35 -17 43 0 -40 35 -26 0 -44 -6 33 -4 8 -43 13 3 -6 -25 -28 1 46 21 -7 21 6 17 -43 36 -37 35 20 32 3 5 1 -2 32 36 -40 -48 -45 -49 -12 -6 -36 -38 10 -21 -13 -22 30 11 27 43 37 -34 -22 -5 43 38 -16 43 48 22 -13 18 -42 -31 2 31 8 0 48 0 39 39 37 12 -39 -32 -41 -18 -9 -18 -21 -45 -10 -12 -10 -19 -26 -1 35 22 -46 16 -42 -45 -33 34 -34 -8 41 16 -24 16 42 -9 -38 2 48 20 34 -20 5 1 -11 -20 -16 28 -37 3 -2 -4 -11 -4 -5 -35 45 46 -41 -36 -33 34 0 17 14 -29 0 -26 -13 -23 34 -46 25 35 34 33 31 14 -22 22 -8 27 38 -10 33 -30 23 26 -33 -20 -40 -33 16 -3 -6 12 27 28 4 31 -28 -31 -24 16 -28 33 15 -7 -1 -8 19 -41 46 17 -14 47 42 -41 -28 16 23 12 42 36 39 -2 -45 -36 17 26 39 -28 -47 -28 36 -39 15 -31 34 30 -32 -5 48 34 -3 37 20 -2 49 2 -20 44 -39 -49 22 -8 -6 36 32 19 -46 -24 3 10 -29 9 0 -45 -41 -24 3 -16 4 -34 -5 32 26 23 39 48 23 24 43 -11 18 49 6 -9 -22 -29 -7 26 -39 6 0 22 -6 30 -8 24 46 20 39 -16 29 -9 13 -26 8 -16 -49 30 42 -28 -3 18 17 23 42 48 48 10 -10 -30 4 -2 -39 31 -39 19 -48 3 0 41 38 -5 -3 -4 -41 30 11 3 0 -39 10 -29 4 37 -12 21 -26 -39
  
The Max is 5819